T,E,M
5.00,-0.4277828125,0.0827023437
4.90,-0.4387296875,0.0850875000
4.80,-0.4500265625,0.0883062500
4.70,-0.4614218750,0.0897421875
4.60,-0.4698312500,0.0894164062
4.50,-0.4845562500,0.0918945312
4.40,-0.4958468750,0.0940437500
4.30,-0.5093250000,0.0962226562
4.20,-0.5235468750,0.0971289062
4.10,-0.5428328125,0.1018429688
4.00,-0.5568593750,0.1040312500
3.90,-0.5754578125,0.1066296875
3.80,-0.5980265625,0.1089195312
3.70,-0.6131828125,0.1132429688
3.60,-0.6381171875,0.1188500000
3.50,-0.6620609375,0.1239757812
3.40,-0.6878484375,0.1318718750
3.30,-0.7138937500,0.1379445313
3.20,-0.7452984375,0.1458960938
3.10,-0.7790421875,0.1559734375
3.00,-0.8211578125,0.1736156250
2.90,-0.8623593750,0.1936250000
2.80,-0.9111312500,0.2191351563
2.70,-0.9718562500,0.2569257812
2.60,-1.0402218750,0.3066382812
2.50,-1.1296312500,0.3902617188
2.40,-1.2509828125,0.5143929688
2.30,-1.4055515625,0.6732960938
2.20,-1.5470000000,0.7876867187
2.10,-1.6603781250,0.8678984375
2.00,-1.7452171875,0.9111781250
1.90,-1.8109406250,0.9387515625
1.80,-1.8600234375,0.9569382812
1.70,-1.8980484375,0.9699953125
1.60,-1.9293609375,0.9799945313
1.50,-1.9507234375,0.9864062500
1.40,-1.9678656250,0.9913515625
1.30,-1.9803187500,0.9947921875
1.20,-1.9886750000,0.9970609375
1.10,-1.9940218750,0.9984625000
1.00,-1.9972000000,0.9992859375
0.90,-1.9988406250,0.9997070312
0.80,-1.9996015625,0.9999000000
0.70,-1.9999296875,0.9999820312
0.60,-1.9999937500,0.9999984375
0.50,-1.9999968750,0.9999992187
0.40,-2.0000000000,1.0000000000
0.30,-2.0000000000,1.0000000000
0.20,-2.0000000000,1.0000000000
0.10,-2.0000000000,1.0000000000
0.00,-2.0000000000,1.0000000000
