N,E
0,-38.89521392
10,-51.46509083
20,-53.39943902
30,-53.66248955
40,-52.64338896
50,-54.38706390
60,-54.06635475
70,-53.98235285
80,-53.63965768
90,-53.94525273
100,-53.43765131
110,-54.41457539
120,-54.24205944
130,-53.57136078
140,-54.30113658
150,-54.53454428
160,-53.72424268
170,-54.23704662
180,-56.08156214
190,-56.49924384
200,-60.40458276
210,-55.94346526
220,-52.39579466
230,-59.86030936
240,-59.50432684
250,-59.64270605
260,-59.80646130
270,-59.13994235
280,-54.39667035
290,-54.50975108
300,-53.43038831
310,-56.83622674
320,-59.44892385
330,-68.57431316
340,-59.69940338
350,-59.68625422
360,-54.32598253
370,-57.00695045
380,-57.67623976
390,-54.63136034
400,-63.98732579
410,-53.54921824
420,-65.43318729
430,-65.93110636
440,-67.54974034
450,-67.21826985
460,-66.44759279
470,-66.05830949
480,-65.34029756
490,-62.31254409
500,-67.91499414
510,-65.44222005
520,-63.25064813
530,-65.09472127
540,-58.10640901
550,-75.89930042
560,-72.56004645
570,-80.88467343
580,-83.03903273
590,-74.67106961
600,-74.12412690
610,-77.43728988
620,-74.70610893
630,-63.64203348
640,-83.03566516
650,-85.13043752
660,-85.53329261
670,-81.72085360
680,-89.29157873
690,-89.13699957
700,-87.67498301
710,-85.82561909
720,-85.79175943
730,-80.89081608
740,-84.23004834
750,-80.95279793
760,-84.57854109
770,-86.12415618
780,-79.20699821
790,-81.74813032
800,-84.44721523
810,-86.61857085
820,-85.09239583
830,-86.20424160
840,-74.27875666
850,-89.73958503
860,-82.61815016
870,-83.07027702
880,-84.73444478
890,-83.21669946
900,-94.64195017
910,-90.52474022
920,-86.75460652
930,-90.09315964
940,-81.16406774
950,-94.32807202
960,-100.64199241
970,-90.57630529
980,-86.57627029
990,-82.83442893
1000,-89.53346916
1010,-91.67722117
1020,-74.13098397
1030,-78.02529085
1040,-77.51241664
1050,-97.78494604
1060,-86.78103724
1070,-84.86886116
1080,-98.23718330
1090,-105.67960488
1100,-98.43406904
1110,-90.92726343
1120,-104.83172417
1130,-107.06261576
1140,-100.58778341
1150,-108.90996172
1160,-103.31513357
1170,-93.58359418
1180,-106.58247543
1190,-105.34104907
1200,-105.78710350
1210,-118.56189207
1220,-117.06546303
1230,-109.53304156
1240,-107.31355488
1250,-101.51091360
1260,-102.36235820
1270,-93.06596534
1280,-114.74540753
1290,-118.17653023
1300,-115.64417400
1310,-111.02903066
1320,-104.93087958
1330,-110.52736807
1340,-113.73274451
1350,-99.10336306
1360,-119.28689574
1370,-114.70180167
1380,-107.66945003
1390,-113.47757903
1400,-105.27466480
1410,-112.41860790
1420,-123.73061048
1430,-122.11902351
1440,-107.18694777
1450,-117.94967375
1460,-112.07935357
1470,-122.10567427
1480,-116.63340190
1490,-110.26755293
1500,-124.31465311
1510,-119.67469685
1520,-122.33600501
1530,-111.18958500
1540,-128.57818490
1550,-131.76010268
1560,-122.29603809
1570,-122.70771249
1580,-101.77359031
1590,-111.29877305
1600,-117.76253336
1610,-107.60253780
1620,-111.33726583
1630,-111.89350758
1640,-128.70316594
1650,-123.35268001
1660,-122.83940616
1670,-137.52173331
1680,-122.95136503
1690,-138.25279330
1700,-129.23129053
1710,-118.23028479
1720,-141.46887197
1730,-111.47319111
1740,-127.52129372
1750,-129.04625601
1760,-126.83990592
1770,-134.10732777
1780,-124.08642408
1790,-137.65609542
1800,-138.81764609
1810,-138.89363731
1820,-114.67447822
1830,-141.21236960
1840,-130.09642806
1850,-143.02065150
1860,-142.72241019
1870,-145.92123488
1880,-142.15560298
1890,-132.74641829
1900,-146.09346089
1910,-145.54529062
1920,-151.75067435
1930,-128.25738540
1940,-138.65590959
1950,-137.62262791
1960,-130.51156591
1970,-135.36173705
1980,-129.18725520
1990,-124.33160389
2000,-136.07119289
2010,-143.99343887
2020,-134.73991987
2030,-135.44536657
2040,-139.76002942
2050,-122.26507477
2060,-135.30526625
2070,-126.02939280
2080,-136.22574815
2090,-157.13536592
2100,-151.59400486
2110,-154.93858979
2120,-167.39467100
2130,-160.66895028
2140,-169.02960449
2150,-159.61671814
2160,-168.55673260
2170,-149.81840275
2180,-160.73311351
2190,-163.30773286
2200,-182.47192474
2210,-174.62442219
2220,-161.63221787
2230,-167.41687811
2240,-160.74599656
2250,-165.45679634
2260,-161.91021019
2270,-151.77785385
2280,-163.98574862
2290,-164.50865429
2300,-155.31990253
2310,-163.65120977
2320,-174.70573332
2330,-171.67959007
2340,-187.03248323
2350,-185.92174393
2360,-165.24171225
2370,-162.94623533
2380,-179.41421097
2390,-177.28359910
2400,-174.85308485
2410,-176.32917733
2420,-171.38009008
2430,-172.38804926
2440,-161.34741950
2450,-159.64650177
2460,-170.98652099
2470,-156.66706253
2480,-178.30032820
2490,-165.71214985
2500,-188.27158443
2510,-192.48358328
2520,-183.54014628
2530,-184.93341633
2540,-171.77335793
2550,-165.63731042
2560,-179.20792759
2570,-174.53335064
2580,-170.03664328
2590,-138.04325091
2600,-161.36240058
2610,-166.91761932
2620,-152.13330845
2630,-186.62904980
2640,-177.70327811
2650,-184.72782743
2660,-159.28606799
2670,-168.56256232
2680,-187.00023273
2690,-177.48160254
2700,-158.18894110
2710,-164.49319677
2720,-169.48154555
2730,-160.70920313
2740,-174.99392851
2750,-178.59350817
2760,-139.36089770
2770,-173.39991743
2780,-169.85729249
2790,-159.51710196
2800,-169.74438798
2810,-160.28159697
2820,-171.95271953
2830,-159.28457405
2840,-160.23579810
2850,-159.77239791
2860,-131.56911207
2870,-165.70029309
2880,-163.00935041
2890,-158.39572411
2900,-137.58649913
2910,-178.02997282
2920,-178.88420097
2930,-157.87005496
2940,-153.15270284
2950,-177.89135223
2960,-174.92727998
2970,-181.61377688
2980,-181.62640718
2990,-155.72639048
3000,-168.67050043
3010,-193.36651411
3020,-182.82157914
3030,-176.66445934
3040,-184.26376533
3050,-189.73735320
3060,-174.57167315
3070,-175.45449371
3080,-165.10158414
3090,-184.65831913
3100,-178.93496252
3110,-167.53096132
3120,-165.30296564
3130,-184.82728029
3140,-174.52919028
3150,-169.48284873
3160,-168.56980792
3170,-158.07088061
3180,-170.21758625
3190,-182.12864895
3200,-183.72195031
3210,-181.68812198
3220,-181.68627541
3230,-182.26090146
3240,-168.58932168
3250,-164.81719383
3260,-141.50881094
3270,-144.03837371
3280,-181.31119079
3290,-179.97983607
3300,-180.64725094
3310,-173.93057002
3320,-184.22062037
3330,-166.50790638
3340,-164.15569898
3350,-180.65780797
3360,-173.89806145
3370,-189.16306683
3380,-195.13146393
3390,-197.34969390
3400,-169.61752946
3410,-189.76004337
3420,-167.71479067
3430,-198.54663219
3440,-194.13262640
3450,-169.73359246
3460,-181.78812980
3470,-206.35699052
3480,-202.19768701
3490,-182.41682844
3500,-206.65325850
3510,-174.49816917
3520,-181.14004527
3530,-183.19925175
3540,-168.94772060
3550,-151.23624361
3560,-157.18073672
3570,-168.75106934
3580,-180.79372399
3590,-179.56515035
3600,-188.34592143
3610,-177.82095337
3620,-191.60890582
3630,-190.40862430
3640,-175.12722342
3650,-162.21609998
3660,-174.01979265
3670,-195.44707960
3680,-182.01364647
3690,-189.29681500
3700,-173.96225326
3710,-191.17930580
3720,-195.19703004
3730,-182.91042256
3740,-160.94196066
3750,-163.59358403
3760,-208.55567547
3770,-177.20208706
3780,-171.99045627
3790,-160.45779180
3800,-192.94300091
3810,-205.61963861
3820,-178.65446583
3830,-155.25698962
3840,-194.88116254
3850,-181.91235910
3860,-186.09869976
3870,-174.31293039
3880,-161.53944186
3890,-166.28139245
3900,-160.86226253
3910,-166.14444831
3920,-182.40730267
3930,-161.96316953
3940,-158.86415596
3950,-192.06660436
3960,-178.08538879
3970,-164.00851144
3980,-187.64937685
3990,-193.20324995
4000,-199.02631133
4010,-196.31341137
4020,-119.58779279
4030,-172.78234191
4040,-176.39014376
4050,-181.96785700
4060,-158.23196263
4070,-146.33537757
4080,-170.08035469
4090,-180.74739566
4100,-164.32248923
4110,-176.09720225
4120,-174.71231612
4130,-196.33083830
4140,-175.26915172
4150,-184.88783407
4160,-172.52868415
4170,-190.48604390
4180,-155.42307608
4190,-170.63869072
4200,-208.86659260
4210,-204.03383831
4220,-189.74735942
4230,-196.99869722
4240,-162.40116159
4250,-189.64932461
4260,-173.81631047
4270,-180.05872162
4280,-182.01730883
4290,-208.58036164
4300,-197.02181614
4310,-196.14324492
4320,-197.26045689
4330,-191.28099776
4340,-198.27629063
4350,-176.27213448
4360,-171.40619944
4370,-198.80839296
4380,-194.03233868
4390,-199.79723930
4400,-188.47740276
4410,-201.64567852
4420,-202.64958968
4430,-166.05479814
4440,-198.91900178
4450,-190.41106949
4460,-172.19298706
4470,-189.86374268
4480,-173.87708721
4490,-175.80066633
4500,-196.01747995
4510,-184.54460917
4520,-175.31905138
4530,-184.89706195
4540,-181.85079443
4550,-189.74227624
4560,-173.11976403
4570,-203.64519175
4580,-188.23727910
4590,-190.69237038
4600,-195.49422347
4610,-199.70183664
4620,-180.65077272
4630,-199.36234880
4640,-175.30625927
4650,-169.77971123
4660,-137.56627734
4670,-167.76173260
4680,-165.11067860
4690,-169.92846645
4700,-165.90409472
4710,-173.64349837
4720,-183.63973674
4730,-195.56482845
4740,-179.09220867
4750,-165.53346817
4760,-210.67424105
4770,-177.16647792
4780,-174.07735347
4790,-183.67931231
4800,-178.63433773
4810,-162.66432290
4820,-172.00078440
4830,-176.80341867
4840,-168.91880295
4850,-177.34839450
4860,-176.87568317
4870,-165.89824451
4880,-188.18817792
4890,-189.72925929
4900,-178.05509192
4910,-182.68645290
4920,-183.63590484
4930,-191.06054825
4940,-199.01547309
4950,-218.33233218
4960,-222.82126341
4970,-214.55506212
4980,-188.64463697
4990,-213.30068369
5000,-203.09968683
5010,-208.71595081
5020,-173.74581525
5030,-181.53633999
5040,-155.44314770
5050,-192.88106463
5060,-201.34738398
5070,-175.75656863
5080,-171.81192456
5090,-157.97754571
5100,-167.25014060
5110,-158.93085318
5120,-173.44713410
5130,-174.68016103
5140,-170.36514686
5150,-176.42302824
5160,-173.04537192
5170,-172.37181202
5180,-177.13169496
5190,-184.18449615
5200,-196.71413714
5210,-202.01377585
5220,-212.61741758
5230,-206.18900727
5240,-195.82576775
5250,-204.00527400
5260,-207.41814004
5270,-199.41880437
5280,-181.51207189
5290,-179.34757654
5300,-137.55848540
5310,-195.72291669
5320,-183.64223465
5330,-205.59949315
5340,-183.58779238
5350,-191.60459384
5360,-182.99494666
5370,-202.61590960
5380,-209.61216592
5390,-209.01220103
5400,-218.15622038
5410,-199.31525686
5420,-209.07167765
5430,-189.58313875
5440,-207.59012127
5450,-208.43068508
5460,-176.73883629
5470,-210.43084996
5480,-193.28271230
5490,-189.87703238
5500,-152.70682156
5510,-184.74077275
5520,-190.40578691
5530,-184.69563429
5540,-177.70034288
5550,-161.69366045
5560,-187.18043420
5570,-192.26154866
5580,-180.64307921
5590,-210.03196816
5600,-188.37136188
5610,-214.52552069
5620,-213.55945855
5630,-198.64261146
5640,-197.91791727
5650,-195.24498568
5660,-189.69547506
5670,-199.06778077
5680,-196.45362424
5690,-187.56612158
5700,-180.86097244
5710,-182.92905909
5720,-205.27710272
5730,-204.03044915
5740,-184.56465764
5750,-176.83240718
5760,-179.96500922
5770,-176.32593735
5780,-188.68424063
5790,-201.95887007
5800,-192.85452099
5810,-191.76236432
5820,-187.61914491
5830,-195.12371795
5840,-201.13377197
5850,-178.10116788
5860,-193.23704637
5870,-198.53353323
5880,-202.45645814
5890,-208.44400468
5900,-220.53515616
5910,-194.19424578
5920,-206.18169412
5930,-195.91061360
5940,-207.22851850
5950,-210.21647572
5960,-201.30348162
5970,-195.68481183
5980,-177.71497356
5990,-165.52395433
6000,-164.80263518
6010,-186.28828977
6020,-189.94041313
6030,-192.86118961
6040,-186.13717703
6050,-189.87963181
6060,-179.75380237
6070,-193.29093211
6080,-198.47596696
6090,-164.98506977
6100,-177.66703026
6110,-151.60926422
6120,-173.67722779
6130,-184.89086340
6140,-184.19803864
6150,-192.28459952
6160,-203.66426156
6170,-205.46457936
6180,-174.54658913
6190,-182.51538633
6200,-194.06521491
6210,-180.16184532
6220,-164.64339344
6230,-198.80306532
6240,-173.25454847
6250,-183.32564525
6260,-205.01082211
6270,-188.23728666
6280,-209.61114463
6290,-206.07680771
6300,-216.95970848
6310,-203.58943897
6320,-233.83271588
6330,-221.57388340
6340,-183.40358186
6350,-212.53497940
6360,-209.29410120
6370,-213.23997242
6380,-207.35097552
6390,-187.36415264
6400,-199.72949158
6410,-190.92601196
6420,-196.30528624
6430,-199.20151056
6440,-176.74937435
6450,-177.46447981
6460,-183.10548986
6470,-181.09582209
6480,-228.16734744
6490,-190.68999493
6500,-198.18810411
6510,-187.89231973
6520,-205.47077782
6530,-199.93015699
6540,-217.34848080
6550,-206.15373359
6560,-204.25426040
6570,-203.93160707
6580,-201.82945045
6590,-205.58117469
6600,-218.08256623
6610,-215.21220235
6620,-192.61103354
6630,-213.35574289
6640,-219.96980265
6650,-203.43832694
6660,-208.03119069
6670,-207.30319077
6680,-198.37063337
6690,-227.48014479
6700,-214.90535127
6710,-211.47645575
6720,-215.22011008
6730,-198.65184716
6740,-195.85366978
6750,-206.69425297
6760,-210.87494979
6770,-219.32532587
6780,-202.75435743
6790,-219.06469188
6800,-195.44312498
6810,-202.77481458
6820,-216.21215512
6830,-217.41605523
6840,-167.08258596
6850,-171.41776507
6860,-175.21614913
6870,-188.20032070
6880,-190.73574724
6890,-178.42784381
6900,-165.86732785
6910,-188.13722378
6920,-209.98320927
6930,-200.09077104
6940,-200.15035418
6950,-198.64518930
6960,-225.51280522
6970,-230.27600607
6980,-208.18685603
6990,-208.82061902
7000,-231.38931559
7010,-238.55862554
7020,-233.44579443
7030,-234.56424002
7040,-220.46105446
7050,-212.04699203
7060,-215.30078186
7070,-245.55371191
7080,-252.98391431
7090,-233.35151774
7100,-219.40471465
7110,-213.16766314
7120,-196.60795145
7130,-180.64988275
7140,-166.43305728
7150,-226.57187071
7160,-216.16725784
7170,-209.78417975
7180,-195.80706737
7190,-203.77347603
7200,-201.84078864
7210,-211.66986095
7220,-200.83105926
7230,-233.82670155
7240,-229.98126194
7250,-216.88477057
7260,-216.67448998
7270,-226.50161320
7280,-223.31487464
7290,-247.39749089
7300,-224.51951874
7310,-186.49853486
7320,-196.29420457
7330,-213.53427531
7340,-209.65526585
7350,-199.27606819
7360,-168.67382207
7370,-183.92928774
7380,-202.06395434
7390,-181.28054650
7400,-187.45236776
7410,-192.56202078
7420,-201.93401051
7430,-200.37208048
7440,-219.34946912
7450,-218.05934289
7460,-225.05134005
7470,-202.36734828
7480,-238.46850850
7490,-208.51467950
7500,-201.08255701
7510,-240.26723841
7520,-190.61905229
7530,-205.82943684
7540,-210.07024328
7550,-226.41065642
7560,-212.39482018
7570,-214.10872713
7580,-205.46317996
7590,-215.18436152
7600,-232.39776981
7610,-218.59858505
7620,-202.33185548
7630,-235.61356383
7640,-231.02062330
7650,-205.04693974
7660,-202.23494695
7670,-203.11147459
7680,-219.80148788
7690,-216.21639462
7700,-226.07694280
7710,-207.85504393
7720,-223.51469024
7730,-227.19358604
7740,-190.28903732
7750,-196.11842135
7760,-209.20441700
7770,-234.26433368
7780,-214.89837162
7790,-180.41740518
7800,-210.25206211
7810,-215.65646184
7820,-240.27143245
7830,-223.26424279
7840,-221.58385827
7850,-248.18715908
7860,-236.73004287
7870,-228.79567292
7880,-234.98282503
7890,-218.20273680
7900,-224.85819257
7910,-240.80153761
7920,-225.11797058
7930,-234.63096235
7940,-226.96927675
7950,-239.37198257
7960,-252.66698627
7970,-231.20165202
7980,-194.16386076
7990,-208.20429845
8000,-194.08697607
8010,-224.29310395
8020,-204.16330475
8030,-192.28260340
8040,-210.33968639
8050,-200.19599740
8060,-207.23188505
8070,-227.89091947
8080,-226.12869304
8090,-218.95165212
8100,-210.91620037
8110,-212.91465910
8120,-214.81274279
8130,-218.62833496
8140,-217.23140209
8150,-204.94623431
8160,-205.63929563
8170,-207.12739624
8180,-257.43287800
8190,-207.76754854
8200,-223.06584955
8210,-249.60243777
8220,-209.78917201
8230,-229.71188328
8240,-221.64222260
8250,-238.53985467
8260,-209.80973230
8270,-184.62266228
8280,-200.93628217
8290,-211.52546908
8300,-217.08353952
8310,-220.55919493
8320,-239.52338977
8330,-214.07421781
8340,-244.91680718
8350,-214.93021463
8360,-210.10770519
8370,-182.26006607
8380,-190.13764391
8390,-215.91637204
8400,-209.57853067
8410,-187.42942369
8420,-214.58593519
8430,-226.14132038
8440,-196.76253865
8450,-213.85236650
8460,-199.09368864
8470,-225.44873193
8480,-242.86504395
8490,-237.25294755
8500,-225.51690616
8510,-213.92222968
8520,-221.14583326
8530,-241.76494975
8540,-233.73302373
8550,-235.06758131
8560,-250.02010191
8570,-218.78058060
8580,-216.98223462
8590,-222.47122445
8600,-229.90867583
8610,-224.20348485
8620,-235.66698056
8630,-221.47110519
8640,-209.31880708
8650,-197.29447344
8660,-223.77796419
8670,-209.42741809
8680,-252.72676321
8690,-234.32115939
8700,-255.10080892
8710,-206.07027842
8720,-219.58828522
8730,-214.25722409
8740,-195.42723148
8750,-202.14918366
8760,-195.06529917
8770,-201.96305697
8780,-230.66629445
8790,-221.46350640
8800,-211.11706499
8810,-205.97466245
8820,-233.35836110
8830,-257.67518048
8840,-244.57623296
8850,-239.73008269
8860,-252.31028324
8870,-253.52741883
8880,-235.21794084
8890,-259.22177875
8900,-213.25928478
8910,-230.91376795
8920,-243.77326142
8930,-258.93742365
8940,-222.54509185
8950,-200.32465860
8960,-226.98317546
8970,-216.44191437
8980,-208.73806421
8990,-212.91071703
9000,-231.34272651
9010,-217.23898175
9020,-205.95789183
9030,-228.57793529
9040,-208.27991629
9050,-221.50324161
9060,-253.49909476
9070,-242.95926079
9080,-230.23252724
9090,-218.34803714
9100,-238.18099513
9110,-193.29039161
9120,-187.92398429
9130,-223.97946034
9140,-226.25798080
9150,-229.82224680
9160,-220.98096754
9170,-205.77222912
9180,-212.13283960
9190,-228.07564381
9200,-209.20654074
9210,-211.69978903
9220,-234.92474628
9230,-242.97154682
9240,-233.57252020
9250,-196.12580287
9260,-234.24897040
9270,-247.93556960
9280,-247.69129531
9290,-222.24525971
9300,-235.21129170
9310,-243.59951059
9320,-230.53900182
9330,-198.85470136
9340,-226.37782100
9350,-240.90309754
9360,-218.07929171
9370,-237.00431724
9380,-222.76263190
9390,-216.72992840
9400,-235.33296305
9410,-237.67804982
9420,-208.58569848
9430,-224.94765351
9440,-227.57198421
9450,-205.06409798
9460,-217.74449632
9470,-209.97088465
9480,-213.20926908
9490,-224.20112125
9500,-211.48428296
9510,-224.46369307
9520,-229.60823612
9530,-225.60530937
9540,-246.19539806
9550,-252.19661767
9560,-204.27951834
9570,-232.28216327
9580,-259.49902629
9590,-219.31667235
9600,-221.72135571
9610,-220.34833619
9620,-236.95652466
9630,-251.04657299
9640,-212.69445106
9650,-245.11975281
9660,-226.16794468
9670,-257.65679826
9680,-249.91204169
9690,-225.18326666
9700,-231.12846647
9710,-248.06689543
9720,-242.24420948
9730,-231.77147496
9740,-233.36244325
9750,-241.29636815
9760,-217.14614625
9770,-233.56085785
9780,-198.09105498
9790,-203.22674277
9800,-206.15489952
9810,-223.37446869
9820,-221.79145082
9830,-212.14523717
9840,-231.42486865
9850,-215.95385161
9860,-233.87367312
9870,-226.91351786
9880,-254.77173922
9890,-229.28628447
9900,-256.21232534
9910,-222.49207380
9920,-247.14788548
9930,-218.60265673
9940,-245.49947175
9950,-236.72539221
9960,-224.69562182
9970,-230.84962891
9980,-226.63046878
9990,-203.46524234
10000,-219.56124129
10010,-224.74919177
10020,-244.01975335
10030,-246.68471706
10040,-213.80448002
10050,-227.20527397
10060,-225.09082796
10070,-212.39592278
10080,-237.60690949
10090,-233.54522507
10100,-234.58905777
10110,-230.52092141
10120,-224.37115627
10130,-198.51597818
10140,-256.71870938
10150,-241.37510005
10160,-222.90708843
10170,-208.32436307
10180,-218.94097124
10190,-226.90825648
10200,-253.76675662
10210,-230.44513558
10220,-197.34348049
10230,-235.50127118
10240,-237.03216624
10250,-225.82996783
10260,-202.56869281
10270,-225.07156143
10280,-254.92138982
10290,-241.36608691
10300,-240.21725199
10310,-224.67092765
10320,-233.30418168
10330,-218.40482166
10340,-209.42491371
10350,-196.32245874
10360,-224.01093936
10370,-224.56118011
10380,-201.16035195
10390,-199.32175061
10400,-220.34336516
10410,-199.35914859
10420,-249.00853849
10430,-226.77270493
10440,-212.86357826
10450,-237.44645021
10460,-220.62087902
10470,-233.37758204
10480,-231.00880981
10490,-236.34175996
10500,-237.46092791
10510,-245.58648952
10520,-202.81556075
10530,-238.91275063
10540,-229.80225113
10550,-239.44335471
10560,-233.00838311
10570,-223.34535385
10580,-211.09654853
10590,-225.55930690
10600,-179.46812163
10610,-180.69538551
10620,-232.03249032
10630,-231.42514438
10640,-226.88767095
10650,-231.72395601
10660,-235.72895765
10670,-241.04472805
10680,-245.89058195
10690,-262.61404638
10700,-263.37931983
10710,-196.36160535
10720,-215.45923052
10730,-241.17605719
10740,-213.14639890
10750,-227.55299708
10760,-219.94973214
10770,-228.63275841
10780,-213.10675416
10790,-233.98307161
10800,-239.58676555
10810,-256.68070604
10820,-236.82331006
10830,-225.50350414
10840,-244.65661765
10850,-217.71177422
10860,-219.20345508
10870,-255.44469108
10880,-273.93696439
10890,-222.41263715
10900,-235.54057001
10910,-235.41609886
10920,-236.50531300
10930,-218.93029479
10940,-206.72103563
10950,-251.24002840
10960,-245.60981660
10970,-247.77843529
10980,-233.29655824
10990,-243.27367829
11000,-269.13911119
11010,-253.26963405
11020,-260.24177244
11030,-262.55044379
11040,-234.32506548
11050,-200.48415920
11060,-259.70396239
11070,-246.86139267
11080,-213.30000662
11090,-231.48600238
11100,-260.47374316
11110,-211.26920419
11120,-258.32117056
11130,-249.55785243
11140,-223.90817496
11150,-237.50688711
11160,-197.82508462
11170,-211.67673512
11180,-220.25902021
11190,-201.73812353
11200,-207.25944710
11210,-157.65998583
11220,-217.64819074
11230,-194.60669328
11240,-213.92101985
11250,-236.58619769
11260,-204.92926108
11270,-220.90981652
11280,-224.50950036
11290,-228.27324014
11300,-234.90546582
11310,-229.94258417
11320,-243.96190834
11330,-234.37856175
11340,-192.43793174
11350,-222.34201574
11360,-254.47261383
11370,-239.43075377
11380,-271.76366308
11390,-236.42216939
11400,-198.93668667
11410,-232.36080545
11420,-257.45176764
11430,-262.97150490
11440,-268.33554762
11450,-282.97891416
11460,-245.38197805
11470,-232.78319420
11480,-255.43864633
11490,-251.06270714
11500,-229.31231193
11510,-243.61955214
11520,-228.78114463
11530,-233.23138427
11540,-239.25182056
11550,-224.08615486
11560,-213.89539040
11570,-216.30394923
11580,-223.17265311
11590,-245.25272656
11600,-224.81499927
11610,-230.56130328
11620,-213.63376933
11630,-248.70563270
11640,-228.28075366
11650,-181.05312332
11660,-245.14691945
11670,-240.78048542
11680,-239.48504127
11690,-255.51573537
11700,-257.92795612
11710,-233.32729372
11720,-229.01050085
11730,-218.37597242
11740,-224.23089635
11750,-197.89949387
11760,-241.02807930
11770,-232.88073276
11780,-187.69519305
11790,-203.00316026
11800,-230.90966640
11810,-226.01071062
11820,-210.22924462
11830,-201.35727720
11840,-190.74233355
11850,-153.20456816
11860,-216.62914461
11870,-191.70678475
11880,-223.70497933
11890,-247.27073180
11900,-220.35455008
11910,-216.59009271
11920,-249.19214231
11930,-216.82409629
11940,-252.79786719
11950,-243.28328053
11960,-256.99584813
11970,-225.83122492
11980,-244.81876619
11990,-250.99287463
12000,-227.70111177
12010,-214.94506140
12020,-213.10331933
12030,-263.23092181
12040,-242.74130424
12050,-239.65853459
12060,-229.97093088
12070,-198.82654533
12080,-212.36238960
12090,-209.08652107
12100,-230.19480904
12110,-220.28847388
12120,-191.81678511
12130,-227.03012891
12140,-250.82142910
12150,-264.61604712
12160,-259.94318991
12170,-244.10756713
12180,-227.06745650
12190,-271.79294152
12200,-249.91378701
12210,-251.15358409
12220,-232.75650703
12230,-249.78970354
12240,-279.67956481
12250,-244.33749426
12260,-241.81506017
12270,-220.51100022
12280,-223.62787553
12290,-233.40487828
12300,-193.60313365
12310,-191.16395262
12320,-177.21560550
12330,-198.78978606
12340,-211.61030310
12350,-215.77003113
12360,-245.78729609
12370,-261.30356611
12380,-227.45027342
12390,-228.07715320
12400,-242.25708153
12410,-239.95381741
12420,-216.52861846
12430,-222.24215486
12440,-217.07914439
12450,-218.09126972
12460,-229.81676078
12470,-201.06889074
12480,-206.87016577
12490,-207.62874209
12500,-249.64460442
12510,-265.97877489
12520,-223.33824765
12530,-249.71981060
12540,-217.90555490
12550,-228.65929782
12560,-231.51681767
12570,-217.37394424
12580,-173.51456202
12590,-225.37861398
12600,-223.60991579
12610,-226.32990300
12620,-238.78617284
12630,-202.99651921
12640,-234.09992107
12650,-264.24564123
12660,-266.66435457
12670,-265.95010370
12680,-231.43282551
12690,-227.23900561
12700,-253.77615116
12710,-212.26060968
12720,-253.49745046
12730,-256.70994074
12740,-247.72242208
12750,-269.63102361
12760,-223.06841308
12770,-225.99833137
12780,-239.54758515
12790,-249.40178444
12800,-273.43167878
12810,-259.89321945
12820,-251.81047195
12830,-265.02688705
12840,-231.64141345
12850,-254.95325343
12860,-252.82122689
12870,-258.95551101
12880,-253.77445147
12890,-209.37300002
12900,-230.12038975
12910,-233.02770757
12920,-248.15865892
12930,-218.45078281
12940,-249.94645402
12950,-239.95291974
12960,-260.48324858
12970,-245.58933638
12980,-256.93159693
12990,-249.96501541
13000,-243.00794141
13010,-242.28174811
13020,-253.13225088
13030,-221.13763878
13040,-222.61118429
13050,-205.19715308
13060,-239.21756514
13070,-229.16003254
13080,-230.84775417
13090,-242.50908164
13100,-235.10980721
13110,-228.02149542
13120,-247.23042874
13130,-226.46133523
13140,-219.33649749
13150,-207.23651614
13160,-219.63869809
13170,-238.36835542
13180,-222.86019795
13190,-251.07416501
13200,-253.56502420
13210,-251.35664594
13220,-214.34401163
13230,-202.87823862
13240,-258.13776953
13250,-205.71275634
13260,-238.34619775
13270,-232.92559230
13280,-238.84819945
13290,-236.12014444
13300,-221.57697911
13310,-207.28708451
13320,-187.54949975
13330,-211.39305258
13340,-228.97768175
13350,-223.94122174
13360,-237.79609401
13370,-240.59758846
13380,-246.68218406
13390,-249.86655932
13400,-227.87804808
13410,-253.68587639
13420,-250.72090971
13430,-254.10385816
13440,-249.83619871
13450,-248.57337877
13460,-226.89703684
13470,-223.59311848
13480,-263.30356505
13490,-260.75922158
13500,-242.94037665
13510,-236.58465863
13520,-221.40750542
13530,-186.56590739
13540,-241.84185308
13550,-245.13269218
13560,-262.53375188
13570,-264.18050341
13580,-276.63011017
13590,-269.88166864
13600,-264.45155753
13610,-234.56497457
13620,-253.55758175
13630,-266.27555739
13640,-247.73692589
13650,-267.46587310
13660,-275.13576439
13670,-254.34438986
13680,-257.33302480
13690,-232.78316146
13700,-228.04857324
13710,-297.50012680
13720,-263.08341024
13730,-254.05594414
13740,-259.82404876
13750,-268.01526929
13760,-279.60625276
13770,-252.94785959
13780,-246.58045170
13790,-267.22377048
13800,-288.02927206
13810,-273.73185907
13820,-248.10777668
13830,-255.21631081
13840,-248.72610290
13850,-286.25592595
13860,-238.42981215
13870,-256.28576271
13880,-242.59089951
13890,-243.78372659
13900,-249.56350433
13910,-235.14011899
13920,-239.63848557
13930,-187.62708176
13940,-243.06451860
13950,-227.82446314
13960,-261.26757393
13970,-217.40880835
13980,-187.11699767
13990,-215.64573668
14000,-233.28878848
14010,-224.09688840
14020,-220.12396037
14030,-213.46142779
14040,-214.59401492
14050,-259.76517583
14060,-234.02129487
14070,-231.59966181
14080,-205.54438556
14090,-243.05722441
14100,-239.85439864
14110,-220.90369701
14120,-249.86758457
14130,-222.70056253
14140,-251.03162814
14150,-246.27109777
14160,-263.60090892
14170,-234.02680965
14180,-242.33409190
14190,-263.07338962
14200,-256.98086243
14210,-264.84103411
14220,-274.19422071
14230,-248.85325509
14240,-287.52891066
14250,-266.57582927
14260,-263.26788349
14270,-258.04506646
14280,-238.38294962
14290,-251.38125327
14300,-258.14791183
14310,-255.51893961
14320,-252.72519514
14330,-255.99906982
14340,-274.97770851
14350,-284.79764858
14360,-264.63551715
14370,-259.34448232
14380,-266.81688718
14390,-238.56710548
14400,-254.09251004
14410,-279.77617152
14420,-262.95409062
14430,-261.15191288
14440,-271.84473399
14450,-250.17273601
14460,-262.06498286
14470,-245.33859580
14480,-258.12885815
14490,-249.86889747
14500,-290.25100802
14510,-249.03324953
14520,-194.83458963
14530,-210.09881415
14540,-228.59997881
14550,-254.20017678
14560,-242.94943889
14570,-268.97140384
14580,-223.66630408
14590,-251.48536521
14600,-243.60457073
14610,-258.39923527
14620,-262.34167555
14630,-288.20230539
14640,-247.37218278
14650,-244.81641856
14660,-256.91531232
14670,-212.48864942
14680,-234.33684457
14690,-264.06540539
14700,-244.24503903
14710,-233.54459739
14720,-261.87666812
14730,-252.15804471
14740,-223.71711537
14750,-242.69048536
14760,-261.90901219
14770,-190.43260217
14780,-240.04694768
14790,-251.28647875
14800,-271.67512498
14810,-269.26326214
14820,-267.57372705
14830,-260.89284815
14840,-266.82988002
14850,-275.58139816
14860,-276.71285302
14870,-248.43527146
14880,-256.98348903
14890,-252.34227824
14900,-235.16190225
14910,-210.08139947
14920,-237.06419623
14930,-229.82292738
14940,-222.03793471
14950,-234.03443025
14960,-260.96925450
14970,-251.76553030
14980,-229.75122779
14990,-240.18344946
15000,-257.69602232
15010,-238.98577060
15020,-202.96736304
15030,-220.84802723
15040,-216.37193345
15050,-222.13330569
15060,-241.52923719
15070,-217.30942677
15080,-217.90564502
15090,-236.31931178
15100,-216.65302962
15110,-244.61880545
15120,-210.14467847
15130,-194.30026572
15140,-243.88136462
15150,-254.29793349
15160,-269.40942148
15170,-261.97875352
15180,-252.25241109
15190,-259.48149500
15200,-228.78705173
15210,-257.17494368
15220,-244.15830010
15230,-206.52318604
15240,-241.89934673
15250,-204.97734224
15260,-215.75894793
15270,-221.37887945
15280,-238.74066357
15290,-229.31990227
15300,-193.28776104
15310,-211.47041348
15320,-221.97656091
15330,-214.47562778
15340,-227.51227605
15350,-223.54877577
15360,-222.85420523
15370,-228.17224375
15380,-218.56393140
15390,-212.46166760
15400,-207.24036914
15410,-219.12203163
15420,-218.34323335
15430,-184.74577464
15440,-197.13261913
15450,-232.85103066
15460,-237.28384579
15470,-214.26547896
15480,-218.65139295
15490,-232.09340129
15500,-239.08693494
15510,-229.11797802
15520,-236.62416276
15530,-246.19087023
15540,-244.95078847
15550,-250.91530782
15560,-242.93075582
15570,-269.17987776
15580,-256.73643665
15590,-242.78098197
15600,-244.48496425
15610,-272.96438468
15620,-259.71058138
15630,-274.91025513
15640,-239.97200541
15650,-274.04697690
15660,-255.31920533
15670,-243.41063793
15680,-261.68595212
15690,-263.10999054
15700,-250.28665538
15710,-269.74933170
15720,-216.88575383
15730,-217.86450681
15740,-238.99297346
15750,-239.15460087
15760,-227.93947512
15770,-235.91602879
15780,-223.23272731
15790,-241.53711083
15800,-212.53783124
15810,-225.56264328
15820,-262.43382973
15830,-214.95794837
15840,-198.48021807
15850,-246.46364085
15860,-216.98920654
15870,-214.67874723
15880,-243.83031862
15890,-206.12097698
15900,-210.64999976
15910,-214.47145298
15920,-244.79731529
15930,-261.83562011
15940,-235.12412662
15950,-220.40902312
15960,-242.69506746
15970,-221.69181063
15980,-265.15948756
15990,-232.07559367
16000,-221.42712324
16010,-243.13773774
16020,-203.72200750
16030,-217.49561068
16040,-249.85959252
16050,-247.83883820
16060,-245.41427773
16070,-201.58280595
16080,-222.80820750
16090,-250.74318821
16100,-266.49860051
16110,-237.33328602
16120,-225.34652850
16130,-235.59309030
16140,-251.51565098
16150,-256.99152553
16160,-265.66083332
16170,-279.08063821
16180,-244.52282850
16190,-238.27902435
16200,-272.90744336
16210,-230.89149517
16220,-250.20872347
16230,-218.79461330
16240,-276.10688293
16250,-243.13530991
16260,-246.98346494
16270,-279.15749373
16280,-233.14957241
16290,-220.22404778
16300,-234.80760292
16310,-221.17597245
16320,-238.09418695
16330,-240.45453043
16340,-209.64508838
16350,-262.45655021
16360,-245.15303832
16370,-264.64773624
16380,-241.49873844
16390,-252.40889485
16400,-214.38269908
16410,-252.38427197
16420,-202.39434042
16430,-196.97684753
16440,-243.45269782
16450,-230.12126035
16460,-229.06887186
16470,-182.93571652
16480,-228.62169147
16490,-233.41936675
16500,-242.80831791
16510,-224.20750834
16520,-212.69797172
16530,-225.60530505
16540,-244.79328727
16550,-237.29838788
16560,-197.59332196
16570,-222.51060312
16580,-222.83659357
16590,-239.69844784
16600,-236.75710566
16610,-267.76721710
16620,-240.15313030
16630,-236.52970726
16640,-233.90157978
16650,-222.26217697
16660,-262.39075128
16670,-251.78580959
16680,-219.25984171
16690,-244.57449370
16700,-219.95355596
16710,-192.39823763
16720,-222.41624394
16730,-199.70696178
16740,-224.35805101
16750,-234.22161000
16760,-204.95374011
16770,-189.36938430
16780,-235.45755752
16790,-233.91802463
16800,-230.41393313
16810,-233.99330674
16820,-238.97834964
16830,-254.30608879
16840,-238.75301384
16850,-255.72324444
16860,-258.41935774
16870,-256.57167512
16880,-242.89248904
16890,-208.49768633
16900,-212.43480008
16910,-255.59396792
16920,-246.05404465
16930,-237.67889595
16940,-248.11686847
16950,-227.10680032
16960,-217.44243099
16970,-233.09958214
16980,-231.19984448
16990,-252.19617801
17000,-209.47694261
17010,-195.49901780
17020,-240.22004801
17030,-223.39329239
17040,-213.96310935
17050,-237.51691565
17060,-256.80899255
17070,-252.08170449
17080,-243.43281356
17090,-256.24900399
17100,-258.01933388
17110,-265.69195609
17120,-268.66101529
17130,-274.79021206
17140,-242.83740367
17150,-257.46792948
17160,-268.00554287
17170,-255.08404112
17180,-218.23108370
17190,-227.47982072
17200,-259.75662956
17210,-222.08023044
17220,-220.37664754
17230,-242.16669087
17240,-262.41511146
17250,-226.10664697
17260,-254.26517414
17270,-230.98661904
17280,-236.77574046
17290,-250.73617579
17300,-229.75837700
17310,-233.16032426
17320,-209.42035448
17330,-232.09848227
17340,-266.52160990
17350,-233.40777691
17360,-255.92549100
17370,-247.84354933
17380,-257.91178552
17390,-227.46984927
17400,-240.28741917
17410,-225.85745452
17420,-243.20198319
17430,-271.34665271
17440,-258.97837005
17450,-246.74452423
17460,-253.48000676
17470,-254.27366631
17480,-257.47019886
17490,-232.86733128
17500,-264.01988289
17510,-233.52717323
17520,-220.83106261
17530,-267.30827832
17540,-246.54890368
17550,-247.57024682
17560,-225.86385133
17570,-217.19085901
17580,-267.88671379
17590,-239.76439206
17600,-202.56768069
17610,-223.53990500
17620,-237.34910710
17630,-249.16092548
17640,-242.20938477
17650,-231.78624910
17660,-252.02329267
17670,-285.71617846
17680,-305.16414504
17690,-249.84117830
17700,-222.44800369
17710,-233.44554951
17720,-238.24767130
17730,-263.16242788
17740,-265.83559380
17750,-221.39074796
17760,-224.87398655
17770,-222.95277275
17780,-229.58168607
17790,-260.97777511
17800,-206.18891402
17810,-251.78668657
17820,-247.76567982
17830,-227.41614534
17840,-260.34592865
17850,-226.92469780
17860,-226.17895403
17870,-234.65406298
17880,-258.84052737
17890,-270.25515914
17900,-244.09650091
17910,-233.84796185
17920,-224.29828097
17930,-250.48693411
17940,-263.53545623
17950,-261.27383825
17960,-246.29419701
17970,-241.26451228
17980,-255.23619342
17990,-214.76158330
18000,-225.84870309
18010,-264.15000730
18020,-236.41478323
18030,-241.22792736
18040,-208.90279482
18050,-212.78333477
18060,-205.21507924
18070,-224.99648589
18080,-232.51100157
18090,-224.64780104
18100,-210.85741320
18110,-249.22686216
18120,-227.14919379
18130,-247.45435170
18140,-265.94349551
18150,-267.43374389
18160,-269.19307352
18170,-252.79739055
18180,-282.70603394
18190,-214.18407325
18200,-210.76205784
18210,-195.19719888
18220,-249.02803890
18230,-252.39441099
18240,-271.90957179
18250,-253.03095556
18260,-258.16394201
18270,-235.05424672
18280,-244.88204081
18290,-217.38886777
18300,-215.57533162
18310,-216.75493262
18320,-240.49131930
18330,-222.16488413
18340,-234.03953775
18350,-215.53894619
18360,-253.56129298
18370,-257.59380332
18380,-251.51696948
18390,-243.88652744
18400,-229.11912453
18410,-263.16376231
18420,-209.52896443
18430,-270.71702733
18440,-260.28174014
18450,-272.26520753
18460,-213.71383763
18470,-239.88246922
18480,-211.65411413
18490,-240.61217692
18500,-240.75114599
18510,-244.71705632
18520,-267.77427226
18530,-274.72384866
18540,-232.04142672
18550,-270.83500561
18560,-257.63445828
18570,-259.86794673
18580,-255.23364522
18590,-259.03106098
18600,-268.31310802
18610,-274.99804087
18620,-265.50761568
18630,-264.40873386
18640,-274.72838400
18650,-247.52977899
18660,-273.70077966
18670,-256.33601748
18680,-275.65575905
18690,-267.01964982
18700,-217.69451606
18710,-238.17938969
18720,-251.02150347
18730,-248.41870266
18740,-262.41237919
18750,-263.74391658
18760,-267.20229965
18770,-274.51280969
18780,-264.93348228
18790,-236.83964946
18800,-252.86504654
18810,-276.80670444
18820,-260.34890471
18830,-256.07823380
18840,-259.10761794
18850,-275.32092941
18860,-250.12793814
18870,-271.78858603
18880,-233.35857780
18890,-233.59219252
18900,-242.70535500
18910,-223.25108602
18920,-217.44034403
18930,-243.27552205
18940,-236.04644417
18950,-244.60121593
18960,-246.17376947
18970,-191.50672488
18980,-226.29865853
18990,-256.66035675
19000,-275.59215918
19010,-285.65018529
19020,-273.28513679
19030,-251.24037954
19040,-259.50631203
19050,-279.46475108
19060,-222.47232688
19070,-266.06166566
19080,-229.25296709
19090,-202.42486702
19100,-212.98559300
19110,-239.40226995
19120,-242.09513925
19130,-234.93487809
19140,-256.81458531
19150,-227.29437670
19160,-250.15761733
19170,-235.46964572
19180,-226.96708558
19190,-263.26713396
19200,-237.29519785
19210,-242.20429853
19220,-248.32105646
19230,-245.04696981
19240,-258.29563028
19250,-263.78108230
19260,-244.18487542
19270,-238.95829551
19280,-256.56434999
19290,-261.72039475
19300,-262.25781316
19310,-273.89281954
19320,-241.39972975
19330,-277.61949455
19340,-263.31291598
19350,-247.95802378
19360,-231.18696480
19370,-272.07524849
19380,-260.23839712
19390,-266.57068090
19400,-250.94116308
19410,-255.75129333
19420,-289.99319061
19430,-285.58448676
19440,-248.18834203
19450,-223.70038399
19460,-218.72943795
19470,-258.70691890
19480,-254.80563845
19490,-248.49045571
19500,-243.30549259
19510,-261.94567214
19520,-253.91394713
19530,-247.31635123
19540,-238.59473625
19550,-264.80046689
19560,-242.23314479
19570,-270.26699502
19580,-270.51518134
19590,-216.01794152
19600,-233.28030780
19610,-221.64110798
19620,-243.06715101
19630,-252.74930052
19640,-253.09988725
19650,-232.64471645
19660,-260.60705461
19670,-255.17518417
19680,-240.28163066
19690,-255.10280072
19700,-239.77472731
19710,-243.52123724
19720,-261.98690045
19730,-223.26536124
19740,-224.03430019
19750,-243.96773414
19760,-234.76566194
19770,-245.78482437
19780,-251.57680303
19790,-253.20693085
19800,-230.15274039
19810,-231.30001093
19820,-239.77491711
19830,-220.50660352
19840,-242.13516934
19850,-246.27034907
19860,-226.92496868
19870,-249.60475571
19880,-256.93745442
19890,-243.44059104
19900,-203.22801235
19910,-217.29408124
19920,-261.46229473
19930,-226.20329435
19940,-218.06057194
19950,-206.41874060
19960,-239.31776266
19970,-246.88980572
19980,-240.42960632
19990,-248.93962677
20000,-218.62265615
20010,-210.85733701
20020,-214.21063847
20030,-208.66880988
20040,-235.43884033
20050,-244.34696590
20060,-216.47608259
20070,-219.22955631
20080,-239.40381786
20090,-251.19171810
20100,-242.25847477
20110,-216.00064061
20120,-236.06124923
20130,-222.05106378
20140,-239.11713844
20150,-203.34819458
20160,-207.46121144
20170,-215.82532604
20180,-213.85638332
20190,-204.81201172
20200,-218.27860015
20210,-241.85719693
20220,-248.52544520
20230,-225.75336231
20240,-223.77371707
20250,-201.47088513
20260,-224.07743647
20270,-208.19180054
20280,-218.03308711
20290,-222.84433944
20300,-226.52138096
20310,-236.45104868
20320,-210.70989550
20330,-217.63642516
20340,-207.91030582
20350,-193.81181512
20360,-221.75425551
20370,-225.68649854
20380,-219.46109856
20390,-227.72172639
20400,-228.90769240
20410,-234.43374934
20420,-241.80964632
20430,-233.86936764
20440,-238.70241065
20450,-226.61201084
20460,-245.09226357
20470,-276.38358067
20480,-243.52726430
20490,-253.97149291
20500,-267.27987534
20510,-258.75698104
20520,-250.68006939
20530,-227.98928866
20540,-249.59067336
20550,-255.23594999
20560,-238.05634170
20570,-234.62377026
20580,-225.42953959
20590,-211.85983826
20600,-208.56733735
20610,-227.42274188
20620,-250.89218998
20630,-240.78807568
20640,-240.65088895
20650,-250.73574815
20660,-255.76267152
20670,-203.00548374
20680,-159.54513226
20690,-228.13559150
20700,-242.16045812
20710,-257.02580278
20720,-218.35851308
20730,-241.60818605
20740,-231.31187310
20750,-220.44799610
20760,-237.62125472
20770,-268.15408585
20780,-251.98839284
20790,-231.96134405
20800,-252.93218683
20810,-264.60888317
20820,-236.42358985
20830,-250.78268590
20840,-240.25608418
20850,-231.59431058
20860,-231.47528381
20870,-220.02736633
20880,-229.18641723
20890,-226.70664553
20900,-239.43667665
20910,-212.96819683
20920,-239.96990127
20930,-237.66155545
20940,-257.57363291
20950,-251.48829475
20960,-230.18584624
20970,-230.35041389
20980,-236.90037048
20990,-241.82812997
21000,-215.26142428
21010,-246.93854791
21020,-243.54110928
21030,-258.95620299
21040,-274.30574902
21050,-245.52830468
21060,-265.04660962
21070,-251.42122794
21080,-248.91784121
21090,-255.52645048
21100,-254.51200951
21110,-262.34267082
21120,-254.65399863
21130,-253.21684768
21140,-235.34238098
21150,-250.90668619
21160,-228.88056141
21170,-286.12812220
21180,-293.92909869
21190,-244.65593331
21200,-248.19752150
21210,-241.11745661
21220,-237.30684439
21230,-236.69640920
21240,-222.96948368
21250,-235.88220001
21260,-242.54232185
21270,-220.64551052
21280,-195.15502484
21290,-216.36313485
21300,-214.27220398
21310,-189.69565028
21320,-220.27960273
21330,-226.51821900
21340,-252.62569183
21350,-238.35508665
21360,-201.02818556
21370,-211.31881810
21380,-254.47415447
21390,-238.68372198
21400,-235.28829053
21410,-232.96644599
21420,-271.78644425
21430,-237.92916471
21440,-233.81907902
21450,-224.61575552
21460,-256.76834837
21470,-256.08952500
21480,-264.88182595
21490,-243.92257812
21500,-276.32424495
21510,-266.13517820
21520,-258.91617070
21530,-294.20395291
21540,-241.12791136
21550,-247.47570015
21560,-234.21895328
21570,-256.46199900
21580,-250.01333099
21590,-257.79649625
21600,-240.28471260
21610,-251.77868880
21620,-223.59775069
21630,-239.68399867
21640,-221.23910777
21650,-230.43071998
21660,-253.05521827
21670,-213.66407536
21680,-242.19026237
21690,-220.95377883
21700,-209.44869019
21710,-207.88848066
21720,-205.20402951
21730,-224.35923197
21740,-183.40450376
21750,-241.37486572
21760,-253.20365834
21770,-245.94655630
21780,-231.95240981
21790,-211.16100903
21800,-258.33725335
21810,-208.87361312
21820,-240.92569403
21830,-217.69967866
21840,-249.18204045
21850,-268.66396405
21860,-242.13630405
21870,-246.47153521
21880,-239.65014665
21890,-238.78951041
21900,-224.92445305
21910,-238.19715641
21920,-239.34562708
21930,-227.47252985
21940,-260.06054926
21950,-236.57013450
21960,-264.96629656
21970,-247.26797567
21980,-232.43707789
21990,-222.18911170
22000,-217.50076268
22010,-232.52322511
22020,-259.92443795
22030,-248.42807229
22040,-256.27961058
22050,-267.41519418
22060,-264.36725206
22070,-258.40310975
22080,-198.74055922
22090,-247.52178426
22100,-240.28317653
22110,-247.06347126
22120,-244.37678798
22130,-238.56464294
22140,-257.04547033
22150,-238.40241124
22160,-254.18349304
22170,-250.16693994
22180,-230.02099935
22190,-242.36529036
22200,-226.52075183
22210,-232.40796079
22220,-255.77775971
22230,-245.51863979
22240,-227.61392872
22250,-215.56220932
22260,-206.57638210
22270,-234.63394093
22280,-232.22218456
22290,-216.27043211
22300,-230.36247978
22310,-236.07740265
22320,-233.44033567
22330,-256.57397499
22340,-234.36448798
22350,-244.90021867
22360,-243.93366770
22370,-233.34342261
22380,-236.73969213
22390,-214.06658972
22400,-236.06980128
22410,-230.80432181
22420,-252.04099426
22430,-226.60676622
22440,-231.83067681
22450,-206.77578713
22460,-235.23937382
22470,-220.03351181
22480,-186.95399976
22490,-229.46602521
22500,-233.33948155
22510,-231.98996479
22520,-220.22083473
22530,-218.64732238
22540,-211.74685727
22550,-238.67239178
22560,-219.35848565
22570,-213.55219738
22580,-208.81414339
22590,-245.38486624
22600,-261.09030366
22610,-225.95765993
22620,-265.27385318
22630,-250.70064976
22640,-245.47588623
22650,-261.15605309
22660,-256.71815338
22670,-253.93080465
22680,-270.04937244
22690,-241.67847407
22700,-244.54729899
22710,-202.58463606
22720,-211.92716813
22730,-248.59779956
22740,-262.72588354
22750,-260.83078784
22760,-229.58713957
22770,-244.15881215
22780,-214.56290479
22790,-220.68146350
22800,-266.00556789
22810,-246.68618683
22820,-239.60338464
22830,-243.05368244
22840,-241.28981599
22850,-268.20109807
22860,-253.68718427
22870,-253.79955779
22880,-260.18738003
22890,-201.53988591
22900,-243.21462247
22910,-217.71527192
22920,-246.25455920
22930,-217.52354681
22940,-230.13524744
22950,-230.89128189
22960,-228.34020991
22970,-245.38068073
22980,-251.78501948
22990,-252.02633249
23000,-261.70888550
23010,-243.40169367
23020,-249.79421183
23030,-244.98754112
23040,-248.08877748
23050,-248.75230858
23060,-248.24077998
23070,-261.00252223
23080,-242.82124487
23090,-225.05682092
23100,-203.12648700
23110,-219.51417384
23120,-249.73840938
23130,-219.36344124
23140,-200.38834207
23150,-228.51827651
23160,-230.08464556
23170,-237.88402116
23180,-238.99131645
23190,-222.44671557
23200,-255.48446151
23210,-231.02994728
23220,-250.62419363
23230,-219.83816823
23240,-253.32424371
23250,-267.18168925
23260,-252.05892640
23270,-249.04872689
23280,-227.50599560
23290,-250.45204655
23300,-244.01649867
23310,-245.80421137
23320,-224.49818098
23330,-240.22264535
23340,-248.91944618
23350,-246.05698202
23360,-222.41264180
23370,-231.79526111
23380,-244.98991856
23390,-231.57553463
23400,-242.27016793
23410,-225.88564820
23420,-211.91356398
23430,-250.13367305
23440,-241.95568199
23450,-204.49769382
23460,-223.33962776
23470,-248.46785444
23480,-252.34527393
23490,-242.89956238
23500,-245.39137452
23510,-228.15450993
23520,-230.95217672
23530,-232.08141313
23540,-265.49361337
23550,-247.10672689
23560,-226.92463955
23570,-247.61711965
23580,-233.05609945
23590,-213.36349791
23600,-253.12833681
23610,-248.55608569
23620,-227.15436995
23630,-203.41140700
23640,-236.82972557
23650,-234.29642989
23660,-219.46949637
23670,-242.81921623
23680,-246.42493617
23690,-272.06631260
23700,-251.07825395
23710,-196.18897886
23720,-230.81359606
23730,-243.99617901
23740,-251.87718359
23750,-264.49830089
23760,-256.91011045
23770,-260.41742789
23780,-235.28947832
23790,-249.53420221
23800,-281.24181263
23810,-249.07382639
23820,-223.56278959
23830,-226.14996814
23840,-224.96170669
23850,-220.56467314
23860,-213.62966121
23870,-228.33931414
23880,-244.32103273
23890,-227.24149563
23900,-253.57304890
23910,-246.93463470
23920,-240.83526634
23930,-252.90599547
23940,-261.79616859
23950,-261.71178667
23960,-239.08641885
23970,-262.39747296
23980,-262.84803823
23990,-239.91559002
24000,-215.07930885
24010,-237.73668688
24020,-280.87252476
24030,-283.77264972
24040,-253.34462113
24050,-254.22506019
24060,-248.34970236
24070,-236.85775298
24080,-247.86277847
24090,-272.50907572
24100,-256.52475533
24110,-253.95072376
24120,-233.15543565
24130,-195.16826753
24140,-183.13987870
24150,-230.17916584
24160,-205.68980283
24170,-231.45466429
24180,-252.57022176
24190,-214.74434332
24200,-212.50165716
24210,-237.83839615
24220,-251.06437948
24230,-244.50145681
24240,-234.72498522
24250,-210.89559182
24260,-216.21822599
24270,-232.21961605
24280,-237.76973576
24290,-239.97952300
24300,-259.52396817
24310,-223.90253659
24320,-208.99754723
24330,-247.74197754
24340,-189.58837133
24350,-187.13110538
24360,-248.04426372
24370,-241.84846157
24380,-238.61284503
24390,-244.12414277
24400,-234.25667878
24410,-223.02440833
24420,-251.92402373
24430,-222.70287230
24440,-272.78559183
24450,-254.14831188
24460,-221.84976325
24470,-187.85716285
24480,-264.83760002
24490,-203.93935154
24500,-195.27674150
24510,-206.78141700
24520,-216.01208487
24530,-239.55181858
24540,-234.37209643
24550,-216.36803366
24560,-209.95083591
24570,-247.29031128
24580,-187.11797030
24590,-249.35637336
24600,-229.21994836
24610,-228.71591401
24620,-240.48202002
24630,-216.54660366
24640,-215.21968901
24650,-218.43861812
24660,-228.83483184
24670,-252.26160993
24680,-222.13256267
24690,-230.95125880
24700,-211.18313137
24710,-187.44941689
24720,-252.63101250
24730,-242.17940228
24740,-248.21054975
24750,-264.91198750
24760,-250.94116990
24770,-219.17796692
24780,-231.41641011
24790,-241.68579414
24800,-229.17246447
24810,-197.93271162
24820,-230.03624466
24830,-220.28037163
24840,-216.67866509
24850,-226.57428630
24860,-238.35032582
24870,-242.36550438
24880,-241.50556574
24890,-230.82446880
24900,-214.89020254
24910,-239.34211832
24920,-220.52174198
24930,-226.17453808
24940,-242.59994776
24950,-242.12242405
24960,-239.03260529
24970,-178.57392730
24980,-238.89956457
24990,-200.24823729
25000,-206.47316492
25010,-236.93439321
25020,-225.37907326
25030,-226.74332646
25040,-222.75549506
25050,-237.57728342
25060,-227.59426328
25070,-250.91025333
25080,-226.99023254
25090,-243.07732352
25100,-256.02832771
25110,-250.25658783
25120,-212.31337290
25130,-187.75370167
25140,-205.51715655
25150,-242.66709600
25160,-234.23958439
25170,-222.45089813
25180,-238.49592549
25190,-201.93589274
25200,-196.44622786
25210,-237.32403467
25220,-223.78597480
25230,-203.84497135
25240,-223.16033185
25250,-195.87749503
25260,-234.79184951
25270,-242.87103038
25280,-235.82757887
25290,-244.98841066
25300,-266.62709864
25310,-248.64212509
25320,-250.31543069
25330,-242.41408926
25340,-229.15272236
25350,-238.86088823
25360,-233.47836031
25370,-251.45713437
25380,-236.28978329
25390,-240.23886046
25400,-242.48290600
25410,-217.26969514
25420,-230.25915741
25430,-260.08673007
25440,-216.20785131
25450,-215.41250524
25460,-211.59403514
25470,-249.45268073
25480,-230.64123948
25490,-215.19464886
25500,-225.90950463
25510,-225.78888645
25520,-225.81047743
25530,-227.98804252
25540,-200.86415566
25550,-238.55154556
25560,-244.17385855
25570,-239.08046684
25580,-191.54351607
25590,-222.57981036
25600,-204.47550899
25610,-250.38165470
25620,-265.66022029
25630,-247.86208388
25640,-254.42612237
25650,-209.03467130
25660,-257.70054649
25670,-201.22257333
25680,-218.41386706
25690,-228.57016486
25700,-240.94738243
25710,-259.57801652
25720,-227.99033909
25730,-272.07574329
25740,-256.54675229
25750,-259.56148776
25760,-251.47584952
25770,-241.09803461
25780,-251.09139417
25790,-230.65769527
25800,-243.13201380
25810,-214.19019389
25820,-205.42988195
25830,-245.80226089
25840,-202.45321670
25850,-243.80477158
25860,-228.55984281
25870,-220.80262419
25880,-235.10157992
25890,-255.22911219
25900,-252.45981667
25910,-249.23872936
25920,-234.04684629
25930,-230.27099149
25940,-215.77678420
25950,-187.96777056
25960,-172.49049709
25970,-214.48907646
25980,-265.60032574
25990,-249.60563664
26000,-207.10402632
26010,-232.74645753
26020,-248.07137580
26030,-263.53302428
26040,-232.04416771
26050,-242.56380599
26060,-255.32652953
26070,-261.85967327
26080,-275.57640584
26090,-271.19216408
26100,-247.34806500
26110,-240.52033756
26120,-263.82509762
26130,-270.17312466
26140,-257.10071294
26150,-257.20365453
26160,-228.88227395
26170,-193.14454549
26180,-200.08088806
26190,-237.11024573
26200,-263.05092055
26210,-256.84040056
26220,-251.71214302
26230,-257.51170661
26240,-276.24572134
26250,-236.84997943
26260,-239.28977513
26270,-231.24150727
26280,-238.96095380
26290,-225.94563674
26300,-250.55729577
26310,-237.80446837
26320,-236.44543542
26330,-248.22379489
26340,-264.19156754
26350,-257.34986105
26360,-266.58480791
26370,-242.15453948
26380,-197.11253561
26390,-200.85922202
26400,-266.34829112
26410,-237.51232505
26420,-232.04832514
26430,-222.65270084
26440,-247.58861507
26450,-263.89269633
26460,-247.06404310
26470,-220.15269756
26480,-230.39241399
26490,-244.16381070
26500,-268.52063891
26510,-281.05273448
26520,-234.62910197
26530,-245.41458542
26540,-236.83216835
26550,-225.40039488
26560,-239.31556162
26570,-259.96525509
26580,-235.14125427
26590,-248.36604483
26600,-238.36563346
26610,-239.70467051
26620,-250.57016310
26630,-246.43184919
26640,-251.06584579
26650,-226.89284490
26660,-209.10438532
26670,-254.45753020
26680,-242.29081830
26690,-231.36134064
26700,-245.30396846
26710,-250.66778161
26720,-234.48422298
26730,-246.54017252
26740,-233.48571825
26750,-252.11761346
26760,-263.25194228
26770,-268.64688852
26780,-242.00620665
26790,-267.46480890
26800,-260.72726891
26810,-293.68294877
26820,-245.16097566
26830,-210.63700516
26840,-218.79707237
26850,-220.20450553
26860,-196.27160473
26870,-209.94163802
26880,-242.01270970
26890,-229.91472165
26900,-222.88604224
26910,-237.65271092
26920,-248.76993691
26930,-254.23063070
26940,-242.35128715
26950,-214.58071366
26960,-264.26381999
26970,-219.47555360
26980,-221.05925757
26990,-246.80427022
27000,-261.47113486
27010,-246.93534495
27020,-228.19044984
27030,-228.19549072
27040,-224.74169358
27050,-232.11240873
27060,-240.34213979
27070,-259.45904587
27080,-200.08047406
27090,-236.84891523
27100,-239.41028760
27110,-233.34412113
27120,-247.64020381
27130,-232.70282897
27140,-208.41414227
27150,-234.25133707
27160,-207.76584369
27170,-210.74855321
27180,-259.21384583
27190,-210.80979702
27200,-232.09573016
27210,-237.63680293
27220,-201.38292078
27230,-222.46034654
27240,-191.20450856
27250,-225.10184638
27260,-244.76726879
27270,-222.88241373
27280,-240.94638227
27290,-239.01332633
27300,-257.05707596
27310,-250.54656791
27320,-247.99865934
27330,-250.91380305
27340,-233.32274868
27350,-249.73247375
27360,-245.59218890
27370,-243.35029309
27380,-246.89499954
27390,-211.29846128
27400,-219.60032486
27410,-205.89237641
27420,-248.11814755
27430,-213.29850166
27440,-227.94158693
27450,-213.63782462
27460,-195.66013093
27470,-205.79456504
27480,-212.18972938
27490,-187.43630034
27500,-176.96030750
27510,-215.29625733
27520,-234.05211172
27530,-239.66474762
27540,-243.85920225
27550,-207.47805787
27560,-240.42884908
27570,-231.58219332
27580,-186.75445158
27590,-240.00012806
27600,-255.31428405
27610,-237.66807994
27620,-265.75267413
27630,-257.44397074
27640,-242.03979084
27650,-230.65690352
27660,-219.19440825
27670,-237.89562726
27680,-232.49808246
27690,-195.42799163
27700,-235.58590829
27710,-264.87211986
27720,-266.31612421
27730,-257.96289790
27740,-236.94215835
27750,-249.75960799
27760,-245.26323880
27770,-246.55559379
27780,-250.08965853
27790,-211.18488317
27800,-234.57393378
27810,-233.28196662
27820,-219.51147408
27830,-242.07887381
27840,-242.59691009
27850,-205.73513849
27860,-225.27670877
27870,-212.91915921
27880,-251.77531267
27890,-235.19231179
27900,-197.63993966
27910,-208.08186239
27920,-235.14430812
27930,-228.04063366
27940,-202.58336087
27950,-243.09491761
27960,-257.11709458
27970,-211.65903516
27980,-221.14749199
27990,-247.47253326
28000,-283.56459274
28010,-245.85061534
28020,-216.46888326
28030,-243.32783039
28040,-255.24175043
28050,-260.73232141
28060,-238.81115094
28070,-234.60967326
28080,-242.85174717
28090,-232.05115201
28100,-216.31596639
28110,-225.00805490
28120,-250.59089498
28130,-207.96757818
28140,-216.55849932
28150,-258.24399838
28160,-209.15672460
28170,-222.41694376
28180,-228.71729611
28190,-211.90744158
28200,-221.74813992
28210,-203.50046680
28220,-237.30845765
28230,-246.53331896
28240,-242.26812451
28250,-240.38758619
28260,-208.53592208
28270,-226.02493094
28280,-194.43349862
28290,-214.55665150
28300,-243.55131663
28310,-161.10841343
28320,-192.47063677
28330,-219.65823700
28340,-168.26124884
28350,-231.99618065
28360,-240.65136271
28370,-224.26540305
28380,-212.47865123
28390,-227.59983149
28400,-208.48329045
28410,-205.11895033
28420,-229.73737180
28430,-222.41682647
28440,-204.31296109
28450,-256.99975206
28460,-215.07509501
28470,-215.98719406
28480,-283.65900007
28490,-265.47490587
28500,-227.35441188
28510,-253.61040460
28520,-217.09194805
28530,-227.12318472
28540,-247.08722323
28550,-208.31534773
28560,-198.65926787
28570,-197.96008169
28580,-229.20017556
28590,-214.77879298
28600,-228.80585822
28610,-221.86885208
28620,-218.10086783
28630,-211.76852813
28640,-219.98933616
28650,-181.94552102
28660,-224.57158809
28670,-205.99092631
28680,-209.18037751
28690,-215.41226746
28700,-214.40008931
28710,-212.37709853
28720,-245.95205893
28730,-222.87038244
28740,-182.41855363
28750,-191.96924297
28760,-236.17243209
28770,-218.40883403
28780,-227.72857395
28790,-253.91656213
28800,-246.68021531
28810,-197.22536890
28820,-213.87220699
28830,-210.87387897
28840,-234.66466567
28850,-241.13087202
28860,-204.20140193
28870,-225.07069852
28880,-216.52465764
28890,-229.04583754
28900,-252.44441281
28910,-206.59862447
28920,-201.13372861
28930,-237.29160342
28940,-217.67481702
28950,-216.75493714
28960,-223.54844771
28970,-249.90473102
28980,-242.44022407
28990,-189.10252399
29000,-229.55598952
29010,-239.85826330
29020,-244.76698808
29030,-209.58573674
29040,-216.26047102
29050,-224.62460335
29060,-233.32765583
29070,-237.18319703
29080,-255.33178199
29090,-203.66190145
29100,-210.09811665
29110,-208.94167903
29120,-194.43536856
29130,-248.04918045
29140,-233.78668377
29150,-253.73696463
29160,-223.97994568
29170,-246.53810152
29180,-228.14250061
29190,-213.97053166
29200,-213.99105016
29210,-210.06294690
29220,-163.27146490
29230,-185.09913652
29240,-232.61343150
29250,-210.90095762
29260,-224.50289791
29270,-248.96554032
29280,-254.82951981
29290,-244.54931792
29300,-219.14768995
29310,-228.29849839
29320,-222.16904065
29330,-240.06002387
29340,-202.52414254
29350,-197.48604550
29360,-208.80373976
29370,-280.80977811
29380,-271.01308563
29390,-247.61004471
29400,-260.66662782
29410,-241.29096789
29420,-265.02536562
29430,-257.92630955
29440,-242.72945780
29450,-227.57937734
29460,-240.97307403
29470,-243.40841964
29480,-207.54775508
29490,-252.56007497
29500,-227.58299702
29510,-245.98534712
29520,-227.03247029
29530,-215.08174457
29540,-213.96799546
29550,-245.07055027
29560,-220.12257168
29570,-206.18625994
29580,-239.82457719
29590,-227.46793904
29600,-233.12317351
29610,-216.42304280
29620,-252.60454350
29630,-256.78729539
29640,-248.50706028
29650,-218.60938852
29660,-242.32296371
29670,-239.30743473
29680,-242.61805164
29690,-225.49636037
29700,-226.01221968
29710,-208.48609478
29720,-222.00737997
29730,-196.58926699
29740,-227.65283475
29750,-269.32107634
29760,-220.77186855
29770,-253.64710934
29780,-253.47732940
29790,-213.37608020
29800,-175.30702023
29810,-194.16776688
29820,-263.28854810
29830,-236.71188715
29840,-232.30657249
29850,-241.22532041
29860,-219.68106207
29870,-198.05194409
29880,-193.13515855
29890,-222.27582212
29900,-222.73386449
29910,-201.38159196
29920,-251.44559615
29930,-241.17851797
29940,-216.79600262
29950,-203.87994891
29960,-224.63988476
29970,-223.46277945
29980,-223.09128629
29990,-226.67821227
30000,-244.71011605
30010,-241.73692161
30020,-217.42273016
30030,-248.85459631
30040,-187.90998842
30050,-186.60637292
30060,-208.31527505
30070,-209.07002961
30080,-195.31273963
30090,-224.53863572
30100,-228.61349162
30110,-239.79770534
30120,-229.83250216
30130,-228.25533732
30140,-238.74665758
30150,-239.59570768
30160,-242.92499739
30170,-266.38109945
30180,-244.06433870
30190,-230.67048602
30200,-200.47999780
30210,-194.33147591
30220,-196.89700337
30230,-192.73849037
30240,-247.92638973
30250,-215.98500327
30260,-256.21371455
30270,-265.75981200
30280,-260.71030207
30290,-259.27147207
30300,-220.80776005
30310,-251.23237678
30320,-258.61536370
30330,-234.69945295
30340,-231.52579369
30350,-257.38545557
30360,-225.97843154
30370,-236.29956964
30380,-237.97964494
30390,-233.13674324
30400,-239.72731314
30410,-222.26595689
30420,-221.61830175
30430,-224.96796062
30440,-233.78672730
30450,-206.68518230
30460,-193.63844361
30470,-218.24060077
30480,-220.15174593
30490,-229.99577368
30500,-218.05960063
30510,-233.69874011
30520,-206.34705675
30530,-195.88979608
30540,-228.02895090
30550,-260.92852967
30560,-235.90596099
30570,-248.06507846
30580,-218.94478038
30590,-229.34814277
30600,-251.07552835
30610,-245.79365029
30620,-242.44604002
30630,-237.71994707
30640,-242.72866654
30650,-242.09674696
30660,-206.41494602
30670,-220.65156292
30680,-212.01643669
30690,-215.54388886
30700,-226.59022442
30710,-230.63238691
30720,-226.28700114
30730,-230.56124023
30740,-249.24166386
30750,-212.91196782
30760,-230.86957504
30770,-238.25016631
30780,-231.88342179
30790,-212.33560641
30800,-182.48258518
30810,-211.65840762
30820,-265.35404285
30830,-238.45239959
30840,-230.38359103
30850,-234.72298291
30860,-251.56218834
30870,-248.45607700
30880,-278.94171139
30890,-256.03118481
30900,-258.75109215
30910,-239.95436886
30920,-226.36357138
30930,-242.08468699
30940,-232.45522824
30950,-230.29571286
30960,-263.24344540
30970,-270.58118180
30980,-251.41126507
30990,-227.40368311
31000,-236.53362994
31010,-233.06578619
31020,-250.95515947
31030,-253.28529676
31040,-262.53765441
31050,-256.49098927
31060,-239.87185675
31070,-225.42572694
31080,-266.40146903
31090,-255.94586357
31100,-276.89538506
31110,-276.87921226
31120,-224.86966127
31130,-264.35717070
31140,-249.79865092
31150,-277.36439888
31160,-257.06162555
31170,-271.33014277
31180,-260.65735295
31190,-213.09016596
31200,-281.89208588
31210,-242.72733050
31220,-218.54386363
31230,-260.55221110
31240,-257.92156370
31250,-263.19824983
31260,-281.90231311
31270,-206.78354611
31280,-242.74583617
31290,-245.68084706
31300,-222.44667159
31310,-246.49373428
31320,-220.61519448
31330,-237.22591771
31340,-225.88170491
31350,-230.29026885
31360,-263.20850034
31370,-249.55146161
31380,-228.37743772
31390,-269.66212777
31400,-242.64015137
31410,-231.89144187
31420,-255.02812045
31430,-237.96345350
31440,-261.83767274
31450,-240.02851413
31460,-216.32527962
31470,-246.28126214
31480,-247.29246032
31490,-218.56387648
31500,-240.00632647
31510,-220.16466760
31520,-191.51819795
31530,-250.39774015
31540,-223.23373837
31550,-231.06361985
31560,-237.63424008
31570,-264.49546047
31580,-189.23833276
31590,-175.59671382
31600,-229.99411069
31610,-226.57684601
31620,-223.95197254
31630,-233.51683920
31640,-223.66351513
31650,-228.81252059
31660,-257.32686093
31670,-239.55657072
31680,-220.41194904
31690,-267.43517459
31700,-234.86588297
31710,-219.81253109
31720,-188.80043631
31730,-215.86125486
31740,-234.65361244
31750,-240.51300139
31760,-225.68433436
31770,-250.84742844
31780,-235.06151032
31790,-231.19264584
31800,-213.32326752
31810,-221.68907660
31820,-273.61744082
31830,-244.17687540
31840,-213.97599738
31850,-195.94364127
31860,-238.68365720
31870,-231.26530708
31880,-239.02871978
31890,-261.96029409
31900,-259.95855570
31910,-239.36807511
31920,-198.83610138
31930,-233.02305895
31940,-254.66248197
31950,-245.40097537
31960,-245.45842997
31970,-209.45391492
31980,-237.28948262
31990,-211.23916658
32000,-206.10674030
32010,-173.73473161
32020,-227.20407701
32030,-224.36421589
32040,-232.28121586
32050,-229.24653146
32060,-243.15220218
32070,-240.72339483
32080,-237.40212531
32090,-194.80219228
32100,-216.32815738
32110,-212.06373055
32120,-193.97161065
32130,-213.17883367
32140,-205.98478345
32150,-210.69738064
32160,-225.99886552
32170,-225.54172104
32180,-200.97398906
32190,-248.41817534
32200,-242.79453162
32210,-222.22815893
32220,-205.90459894
32230,-235.13320184
32240,-230.38542367
32250,-238.20094378
32260,-209.19572833
32270,-256.82953724
32280,-267.61052822
32290,-226.42414119
32300,-225.38361555
32310,-236.09538511
32320,-241.06731297
32330,-211.03878439
32340,-235.45184784
32350,-254.50659949
32360,-199.40565587
32370,-215.36791045
32380,-194.68633333
32390,-217.62526031
32400,-223.30682083
32410,-238.84591940
32420,-227.18105671
32430,-241.57170557
32440,-238.50442034
32450,-241.72737408
32460,-239.18733557
32470,-228.83178866
32480,-212.59469854
32490,-247.37379853
32500,-222.45891639
32510,-197.54516649
32520,-230.73104814
32530,-225.87826587
32540,-214.29570730
32550,-218.66443115
32560,-243.44228932
32570,-247.20891627
32580,-234.65094350
32590,-237.58170203
32600,-241.22416589
32610,-222.41977631
32620,-243.40302674
32630,-218.44262166
32640,-215.28754560
32650,-225.61173766
32660,-261.80845458
32670,-236.07289351
32680,-225.84812256
32690,-235.75979153
32700,-223.14596328
32710,-268.81244296
32720,-225.22174295
32730,-233.32354996
32740,-246.08156765
32750,-195.55244934
32760,-244.04579227
32770,-244.05185262
32780,-234.43222235
32790,-259.78250292
32800,-259.68563083
32810,-247.68497144
32820,-257.29514528
32830,-249.83575744
32840,-274.39042818
32850,-258.84767304
32860,-259.52506705
32870,-264.42432183
32880,-281.50717285
32890,-245.81421650
32900,-225.53359576
32910,-272.63027553
32920,-239.41883184
32930,-267.32961139
32940,-242.49931785
32950,-260.97494201
32960,-276.44554964
32970,-249.35104809
32980,-224.63369767
32990,-228.27082855
33000,-243.48443026
33010,-218.99375620
33020,-218.16848648
33030,-204.60270316
33040,-252.41440830
33050,-213.83036438
33060,-229.17548284
33070,-233.92104361
33080,-219.17908963
33090,-240.32367056
33100,-255.29351444
33110,-205.52524590
33120,-246.03527492
33130,-264.34186260
33140,-267.94157784
33150,-272.87863171
33160,-258.31058822
33170,-262.48050513
33180,-283.58979656
33190,-259.66423418
33200,-290.75151311
33210,-277.35862103
33220,-221.08873332
33230,-272.15663753
33240,-271.60462978
33250,-258.10257990
33260,-272.35659080
33270,-263.95998813
33280,-273.51543663
33290,-251.63887803
33300,-269.62663827
33310,-269.27881581
33320,-248.67360049
33330,-263.09740138
33340,-246.48729279
33350,-256.60690910
33360,-252.71726424
33370,-219.27070257
33380,-237.77864009
33390,-215.14276563
33400,-249.98174941
33410,-200.16267071
33420,-226.46151908
33430,-254.52696091
33440,-263.48245019
33450,-239.41353725
33460,-226.85614663
33470,-227.44503896
33480,-208.90524531
33490,-214.60663661
33500,-219.91256966
33510,-267.47861264
33520,-232.38295737
33530,-264.59267396
33540,-199.29691627
33550,-211.98488360
33560,-213.43603082
33570,-165.66754542
33580,-201.87425400
33590,-235.29436502
33600,-264.38900735
33610,-269.20970651
33620,-235.66221989
33630,-253.15648894
33640,-256.20710738
33650,-264.36705498
33660,-237.13502404
33670,-255.70630248
33680,-258.83579735
33690,-248.80594453
33700,-253.51446043
33710,-243.09206262
33720,-224.98443337
33730,-269.45633489
33740,-231.19210904
33750,-179.13185064
33760,-220.00835315
33770,-240.92337700
33780,-247.81146425
33790,-260.97780151
33800,-260.15374471
33810,-195.04556899
33820,-228.16440557
33830,-250.84048233
33840,-233.07323661
33850,-207.86686897
33860,-254.49702143
33870,-238.60711213
33880,-221.83992214
33890,-206.37982819
33900,-220.56767638
33910,-213.20691381
33920,-236.78628059
33930,-235.35210137
33940,-214.09581060
33950,-263.48311727
33960,-258.47774185
33970,-223.07661301
33980,-246.27396467
33990,-234.79578815
34000,-235.27847567
34010,-234.23058253
34020,-271.22828215
34030,-253.49655745
34040,-207.42422536
34050,-271.07820983
34060,-219.53045057
34070,-209.68816743
34080,-259.90782890
34090,-251.41036786
34100,-243.40735162
34110,-253.69402338
34120,-232.54152525
34130,-239.38646019
34140,-224.16521835
34150,-196.23772908
34160,-219.94227091
34170,-257.51532701
34180,-232.56043524
34190,-243.39087715
34200,-205.22971393
34210,-242.73071330
34220,-214.67599911
34230,-218.57777374
34240,-222.42680909
34250,-227.74717995
34260,-247.62539761
34270,-218.84402035
34280,-241.35369624
34290,-232.14298761
34300,-208.38919376
34310,-211.62771916
34320,-247.73769904
34330,-222.27048080
34340,-232.84920598
34350,-261.99727600
34360,-260.20746041
34370,-246.40883224
34380,-231.09120119
34390,-257.65760342
34400,-238.23268046
34410,-224.72613641
34420,-233.31791519
34430,-252.39406362
34440,-245.44210172
34450,-264.83677035
34460,-258.01414412
34470,-221.42189945
34480,-237.76546587
34490,-237.37164560
34500,-216.84742891
34510,-228.62409650
34520,-193.00469840
34530,-240.99099354
34540,-228.12218580
34550,-236.30410725
34560,-218.32330786
34570,-223.93623558
34580,-262.51237647
34590,-244.28774794
34600,-221.39928380
34610,-231.43376784
34620,-187.16872705
34630,-246.27682153
34640,-218.61767018
34650,-243.38362862
34660,-212.34623060
34670,-232.23968220
34680,-235.48537042
34690,-194.59048105
34700,-169.27101453
34710,-188.32473972
34720,-231.06260951
34730,-216.24038072
34740,-230.78063986
34750,-220.10022973
34760,-202.55905113
34770,-205.77097433
34780,-221.13437534
34790,-221.34044177
34800,-260.70092133
34810,-213.45601530
34820,-229.31233427
34830,-221.70698883
34840,-248.09466038
34850,-280.11921166
34860,-251.27147115
34870,-250.20562676
34880,-235.43059071
34890,-249.46828006
34900,-261.96110921
34910,-243.61383905
34920,-221.69115596
34930,-216.24774220
34940,-215.14773554
34950,-241.60609184
34960,-214.35619756
34970,-209.30670941
34980,-245.14884802
34990,-257.00199852
35000,-237.24538422
35010,-232.90159134
35020,-228.97706122
35030,-233.39143571
35040,-235.63165795
35050,-258.98991082
35060,-247.00658720
35070,-243.32155974
35080,-242.97219481
35090,-252.68403073
35100,-225.15445049
35110,-237.00271662
35120,-234.20749096
35130,-227.35481234
35140,-223.71603364
35150,-215.54244764
35160,-255.12210247
35170,-258.64958190
35180,-239.60727728
35190,-241.16863058
35200,-243.82187328
35210,-217.89574139
35220,-245.12920991
35230,-245.25305984
35240,-250.18203805
35250,-237.37539808
35260,-222.89583265
35270,-272.66860821
35280,-255.55286332
35290,-238.52836032
35300,-229.43767157
35310,-200.97852773
35320,-216.43003402
35330,-231.65974197
35340,-255.86999283
35350,-239.47779934
35360,-269.72139804
35370,-254.36613519
35380,-250.84512288
35390,-221.26292745
35400,-218.67825787
35410,-234.83889670
35420,-229.46582643
35430,-228.29507993
35440,-223.49340906
35450,-243.63910646
35460,-235.18711401
35470,-223.59393698
35480,-259.20317170
35490,-238.84109282
35500,-235.68398479
35510,-232.79170525
35520,-237.80245658
35530,-240.59433171
35540,-241.67366218
35550,-242.93378721
35560,-241.54142332
35570,-251.48823825
35580,-234.51439335
35590,-216.55737266
35600,-240.66614845
35610,-239.69824128
35620,-265.82130967
35630,-269.39464419
35640,-237.97905829
35650,-250.00304791
35660,-229.85801740
35670,-215.71252458
35680,-234.36294913
35690,-237.42074261
35700,-263.69824997
35710,-242.15970438
35720,-252.97740955
35730,-229.68607167
35740,-224.06214188
35750,-257.31962357
35760,-247.87032002
35770,-235.12126027
35780,-211.73662803
35790,-260.91967931
35800,-259.80667417
35810,-251.76854587
35820,-245.98351500
35830,-254.99426929
35840,-229.97251415
35850,-241.35935477
35860,-241.08299831
35870,-226.33159849
35880,-220.02721502
35890,-220.71152686
35900,-219.23158473
35910,-222.27911609
35920,-264.67865998
35930,-247.99840778
35940,-260.79850940
35950,-204.58716617
35960,-209.91641561
35970,-212.87176107
35980,-213.31266848
35990,-246.92377826
36000,-241.98098652
36010,-290.58561662
36020,-287.57472912
36030,-278.17759274
36040,-280.51509676
36050,-282.69479209
36060,-289.68321026
36070,-276.15029048
36080,-242.62084239
36090,-267.99220154
36100,-248.62108458
36110,-253.64886751
36120,-227.95518237
36130,-204.37298844
36140,-197.23660677
36150,-222.84202205
36160,-259.12395939
36170,-271.12083814
36180,-267.04280981
36190,-208.45087452
36200,-260.67672707
36210,-250.47112211
36220,-242.89944735
36230,-244.02056874
36240,-258.44511446
36250,-246.18728260
36260,-224.39946948
36270,-205.29669940
36280,-198.94070224
36290,-238.11483631
36300,-254.17105148
36310,-259.54562669
36320,-228.24993746
36330,-222.12579348
36340,-255.13433894
36350,-219.85163765
36360,-254.00648139
36370,-253.67369425
36380,-217.58270610
36390,-239.01380818
36400,-223.28952424
36410,-234.96710652
36420,-232.55117378
36430,-257.96709567
36440,-237.95309454
36450,-246.98616734
36460,-237.47877103
36470,-256.22080541
36480,-232.97205955
36490,-242.49795870
36500,-269.55554715
36510,-297.54482059
36520,-262.18358921
36530,-235.47719994
36540,-245.04407821
36550,-203.40696475
36560,-227.43058585
36570,-264.55265129
36580,-273.07728099
36590,-262.26221822
36600,-265.17969799
36610,-252.10974140
36620,-239.26451426
36630,-234.48212699
36640,-249.40008698
36650,-227.15667654
36660,-222.87073638
36670,-212.49923243
36680,-227.45493629
36690,-277.56691432
36700,-258.06103514
36710,-276.95310493
36720,-237.79743561
36730,-241.22303315
36740,-240.06593122
36750,-245.53510293
36760,-222.11699589
36770,-221.02581898
36780,-221.17563591
36790,-209.07492952
36800,-201.03417525
36810,-172.89770717
36820,-162.89247824
36830,-189.36867725
36840,-213.43338790
36850,-186.41855437
36860,-210.26429009
36870,-228.91653243
36880,-180.74628946
36890,-192.89405906
36900,-222.06520175
36910,-197.08088990
36920,-231.01572964
36930,-238.95366297
36940,-239.27606698
36950,-231.47635806
36960,-250.50702394
36970,-246.32202695
36980,-244.85042118
36990,-238.64412009
37000,-219.58222964
37010,-214.27327735
37020,-227.26726233
37030,-207.36872402
37040,-211.07345321
37050,-210.17793188
37060,-240.50365068
37070,-239.70294459
37080,-260.37581690
37090,-236.44239548
37100,-252.62324480
37110,-222.73338853
37120,-214.54176268
37130,-240.38667956
37140,-205.12359747
37150,-220.86679737
37160,-202.32891218
37170,-246.01213730
37180,-219.58485652
37190,-233.83384509
37200,-247.39694502
37210,-235.40532093
37220,-229.89508843
37230,-216.99350263
37240,-207.96020144
37250,-241.53248968
37260,-257.32590761
37270,-262.64953350
37280,-258.00043671
37290,-238.23659275
37300,-259.07481449
37310,-242.84455159
37320,-269.00035975
37330,-220.68349829
37340,-235.36036771
37350,-240.43504818
37360,-246.73441719
37370,-226.35219160
37380,-232.78814924
37390,-228.48529878
37400,-241.91542023
37410,-266.61534206
37420,-264.46265512
37430,-263.67774938
37440,-274.44660242
37450,-273.19277797
37460,-271.79372782
37470,-265.53358326
37480,-260.16004384
37490,-223.25351016
37500,-219.83907573
37510,-259.48191186
37520,-239.79282274
37530,-217.94161240
37540,-230.50321624
37550,-266.50255845
37560,-245.61124885
37570,-228.53157597
37580,-235.31008707
37590,-273.69204406
37600,-209.31135140
37610,-259.19680666
37620,-229.38155765
37630,-218.36849739
37640,-233.97138668
37650,-256.38360192
37660,-273.68052516
37670,-238.83397708
37680,-209.42134498
37690,-230.11917090
37700,-227.46948389
37710,-260.54862662
37720,-275.99909821
37730,-240.94848555
37740,-238.96489269
37750,-231.85826627
37760,-233.45580550
37770,-243.50929338
37780,-236.17708509
37790,-203.28720363
37800,-237.64222439
37810,-247.92951277
37820,-228.93088457
37830,-259.09325945
37840,-247.13254714
37850,-241.07598364
37860,-216.66604771
37870,-183.91702563
37880,-220.30156969
37890,-240.14294702
37900,-202.22145723
37910,-237.36719365
37920,-228.88494415
37930,-241.18199943
37940,-236.56616532
37950,-265.69070855
37960,-216.01161288
37970,-231.67876946
37980,-237.89321498
37990,-241.43617832
38000,-241.88820836
38010,-272.28066172
38020,-228.56401501
38030,-225.24909819
38040,-221.75055919
38050,-250.65930773
38060,-243.06298806
38070,-253.25834572
38080,-235.26941257
38090,-235.79222412
38100,-247.23267866
38110,-211.26835384
38120,-247.66258761
38130,-236.08625538
38140,-229.45661776
38150,-238.13299536
38160,-190.42339704
38170,-233.15547198
38180,-250.53676432
38190,-238.56213620
38200,-224.99805449
38210,-215.30202964
38220,-254.28367777
38230,-227.73809084
38240,-235.96791521
38250,-231.97089089
38260,-215.01608501
38270,-236.09815175
38280,-264.40238856
38290,-217.75221105
38300,-265.77910427
38310,-249.45502879
38320,-276.93561427
38330,-276.25161102
38340,-232.64254398
38350,-213.80033633
38360,-257.85936557
38370,-208.37512798
38380,-256.51974372
38390,-199.37120636
38400,-240.16557984
38410,-271.43381515
38420,-245.38913900
38430,-266.18587853
38440,-267.21079405
38450,-260.08086352
38460,-257.69378687
38470,-285.82666034
38480,-269.97724214
38490,-243.75651978
38500,-240.72594329
38510,-262.23293575
38520,-298.07806456
38530,-264.66547502
38540,-238.45744851
38550,-268.55643329
38560,-243.39681293
38570,-251.27090038
38580,-248.57216194
38590,-218.43297096
38600,-245.04648458
38610,-226.78882286
38620,-214.13495368
38630,-203.24577776
38640,-217.57406743
38650,-234.24250487
38660,-219.05474873
38670,-215.97087538
38680,-223.76244968
38690,-236.03851973
38700,-247.18467996
38710,-281.86227967
38720,-248.48649380
38730,-257.81855269
38740,-240.45473644
38750,-261.36319750
38760,-252.74792485
38770,-260.68399761
38780,-235.71715800
38790,-260.48880368
38800,-252.10042351
38810,-239.40860538
38820,-255.12698841
38830,-259.61622853
38840,-250.95607649
38850,-252.62174628
38860,-263.58490657
38870,-262.93097964
38880,-252.04926337
38890,-189.93318715
38900,-251.13000356
38910,-247.53217898
38920,-214.95753912
38930,-261.62204668
38940,-239.47675418
38950,-283.18578397
38960,-246.89826017
38970,-248.81392809
38980,-225.72591808
38990,-262.27886371
39000,-255.93709760
39010,-286.48945878
39020,-255.60213817
39030,-262.23341502
39040,-222.34583812
39050,-259.93829714
39060,-263.17951960
39070,-243.39321396
39080,-249.42442217
39090,-269.93354393
39100,-230.95151889
39110,-240.00197669
39120,-253.47010803
39130,-247.80622044
39140,-259.17545913
39150,-250.67243807
39160,-224.59944157
39170,-228.80429316
39180,-249.26601664
39190,-261.01348966
39200,-223.14250701
39210,-217.12640224
39220,-258.47623461
39230,-250.21424153
39240,-273.49039649
39250,-252.41704455
39260,-277.67807721
39270,-264.67070031
39280,-262.90408160
39290,-277.49848333
39300,-286.12013528
39310,-266.87722181
39320,-254.20747909
39330,-274.75584758
39340,-249.75626815
39350,-243.26931118
39360,-257.07326076
39370,-256.32138798
39380,-280.56654451
39390,-295.29074346
39400,-273.33014077
39410,-257.41996282
39420,-287.97495077
39430,-285.43298496
39440,-269.66831359
39450,-281.04178999
39460,-264.83826763
39470,-308.70180989
39480,-287.00392937
39490,-289.36633464
39500,-300.27089798
39510,-259.59750187
39520,-279.12276457
39530,-253.93020227
39540,-252.17632488
39550,-241.98399599
39560,-244.49791485
39570,-231.59433984
39580,-245.25479310
39590,-238.06525749
39600,-253.37241331
39610,-217.03828648
39620,-203.14352612
39630,-252.91516777
39640,-278.25188205
39650,-263.50659955
39660,-264.26782762
39670,-245.81617390
39680,-241.81842372
39690,-261.98922472
39700,-263.28634945
39710,-268.76050665
39720,-229.21492150
39730,-200.49685778
39740,-217.62640195
39750,-199.37118585
39760,-207.62301928
39770,-218.83374540
39780,-215.27294395
39790,-227.70018528
39800,-243.16535356
39810,-219.04482561
39820,-205.98311617
39830,-257.93464986
39840,-249.43774732
39850,-263.05538601
39860,-232.09694543
39870,-213.99837285
39880,-202.97060028
39890,-245.44005343
39900,-212.73598636
39910,-228.84852658
39920,-241.02414324
39930,-274.99324408
39940,-247.00446865
39950,-274.47688142
39960,-220.47685455
39970,-242.32893185
39980,-286.06395648
39990,-265.29474773
