N,E
0,-22.28358409
10,-44.64803471
20,-71.14149364
30,-148.73481758
40,-152.62356093
50,-161.15661471
60,-153.25720019
70,-172.76066762
80,-186.04744295
90,-173.38687570
100,-193.02140094
110,-185.22666583
120,-170.47084212
130,-154.52208815
140,-170.25285851
150,-181.00146109
160,-186.92809284
170,-185.69103962
180,-172.33560999
190,-176.92995263
200,-185.59568937
210,-155.53893060
220,-175.28430625
230,-184.95795480
240,-191.77731764
250,-188.02484233
260,-193.97815675
270,-183.12771387
280,-181.53174665
290,-187.45611230
300,-184.07395023
310,-187.17951673
320,-197.94748459
330,-195.00836151
340,-186.87006727
350,-186.79332807
360,-185.10583863
370,-184.38046678
380,-199.58483095
390,-191.97085545
400,-186.11086468
410,-200.86069496
420,-195.63498999
430,-191.68678566
440,-197.27353484
450,-202.88256791
460,-221.60796398
470,-225.63246641
480,-212.29049294
490,-214.89851495
500,-212.44527175
510,-234.49287482
520,-225.12777630
530,-229.09731441
540,-209.96821555
550,-246.29001295
560,-236.84432044
570,-232.42809930
580,-247.54417977
590,-225.68127549
600,-248.13520883
610,-257.70108219
620,-249.57864615
630,-247.53692534
640,-250.01884012
650,-243.33372598
660,-239.91754503
670,-254.71720536
680,-253.82734120
690,-254.45354000
700,-247.54868654
710,-233.30576504
720,-239.09520391
730,-222.32398445
740,-230.92295459
750,-232.83789413
760,-229.34285321
770,-226.79267415
780,-236.24585161
790,-268.51495183
800,-274.59861408
810,-264.59793484
820,-281.63624166
830,-285.31206643
840,-298.65211269
850,-309.04219338
860,-305.86515388
870,-273.58905010
880,-286.57050046
890,-279.75949131
900,-265.47607756
910,-285.52725988
920,-292.42950008
930,-320.45939585
940,-324.31346788
950,-306.61953952
960,-317.73921017
970,-326.75102583
980,-320.94686117
990,-320.70254289
1000,-304.59859395
1010,-312.91240708
1020,-305.55990761
1030,-319.06254443
1040,-301.06570120
1050,-314.31439790
1060,-314.91238729
1070,-317.79295636
1080,-320.89373568
1090,-336.85915470
1100,-345.43169855
1110,-356.84417655
1120,-331.96640054
1130,-350.34982155
1140,-340.55722665
1150,-349.97881336
1160,-369.44105192
1170,-374.18014623
1180,-359.46638627
1190,-361.54173188
1200,-352.29825233
1210,-364.92257203
1220,-388.55550167
1230,-380.82887922
1240,-369.04763266
1250,-376.47356382
1260,-372.73118413
1270,-360.43604742
1280,-369.72290959
1290,-366.88783761
1300,-386.16334786
1310,-376.01017867
1320,-377.74617656
1330,-372.57736942
1340,-384.69346070
1350,-392.88080143
1360,-352.75631595
1370,-366.07585977
1380,-368.32548268
1390,-375.12527074
1400,-380.69086567
1410,-354.98803944
1420,-388.42896060
1430,-381.53131120
1440,-373.45046448
1450,-378.10081985
1460,-371.48627223
1470,-379.39772272
1480,-380.16023602
1490,-359.00829732
1500,-394.38553597
1510,-392.05667967
1520,-397.17804448
1530,-374.67730223
1540,-396.67605982
1550,-392.04527527
1560,-381.88390404
1570,-396.30422307
1580,-384.67822045
1590,-382.84763098
1600,-399.58656291
1610,-387.91940799
1620,-392.55276242
1630,-392.89003005
1640,-397.35340583
1650,-377.32608940
1660,-389.61848923
1670,-398.09054790
1680,-395.68207621
1690,-369.96543446
1700,-387.41440395
1710,-387.96409006
1720,-396.29157081
1730,-391.50785959
1740,-388.23266325
1750,-398.92592931
1760,-403.74204321
1770,-378.10017482
1780,-420.36311067
1790,-418.22135373
1800,-414.59162581
1810,-429.89538564
1820,-435.24156831
1830,-415.13033932
1840,-433.86927727
1850,-424.84431790
1860,-433.95242949
1870,-416.22610851
1880,-422.91875487
1890,-413.76997760
1900,-392.41226536
1910,-390.94466125
1920,-416.37442378
1930,-423.35756087
1940,-421.16949686
1950,-400.29357826
1960,-420.04752316
1970,-406.30536328
1980,-437.93489976
1990,-437.97286800
2000,-451.24221004
2010,-456.43107997
2020,-444.51411702
2030,-433.58800519
2040,-435.43590902
2050,-443.98853360
2060,-452.50333094
2070,-451.01944541
2080,-433.27375594
2090,-441.54436574
2100,-450.10021620
2110,-454.37466104
2120,-453.69241654
2130,-449.05833442
2140,-429.10695777
2150,-441.69511632
2160,-444.24164755
2170,-461.89113293
2180,-456.87320493
2190,-438.13774740
2200,-431.13944912
2210,-455.26404727
2220,-460.54377750
2230,-451.75178279
2240,-473.22091604
2250,-450.60099087
2260,-471.20835537
2270,-474.37036207
2280,-451.24752942
2290,-430.03807079
2300,-436.90618944
2310,-464.90994167
2320,-440.43154673
2330,-450.78843740
2340,-472.40424278
2350,-456.51062158
2360,-450.29839415
2370,-453.66465208
2380,-446.23200814
2390,-441.60242821
2400,-467.99386408
2410,-466.23898212
2420,-433.28519563
2430,-440.31889399
2440,-463.17801173
2450,-426.16658486
2460,-449.06591323
2470,-427.99088101
2480,-437.52705193
2490,-445.95453159
2500,-444.75902215
2510,-439.17539196
2520,-462.79673142
2530,-458.76558098
2540,-463.56601657
2550,-471.51107324
2560,-464.17984263
2570,-475.50525902
2580,-460.89531244
2590,-471.24568824
2600,-478.76444617
2610,-458.39839881
2620,-472.62077571
2630,-467.59863375
2640,-481.42295982
2650,-478.81012369
2660,-484.36360917
2670,-488.35623623
2680,-509.89505365
2690,-505.88314786
2700,-500.61057572
2710,-506.37098113
2720,-514.47335497
2730,-484.02782016
2740,-504.46139574
2750,-487.85411264
2760,-496.12134520
2770,-505.97390556
2780,-505.51652045
2790,-524.65661334
2800,-517.56738863
2810,-490.92149072
2820,-499.70267133
2830,-542.41594428
2840,-525.04971252
2850,-526.28178157
2860,-542.70649417
2870,-528.18428344
2880,-510.39782973
2890,-509.54409381
2900,-508.94747155
2910,-504.65742332
2920,-526.76391452
2930,-508.50571509
2940,-529.80646955
2950,-535.07238641
2960,-531.15944411
2970,-530.85616338
2980,-522.88051428
2990,-514.26303959
3000,-502.43677619
3010,-515.59957079
3020,-508.36372175
3030,-511.58087018
3040,-513.03234174
3050,-483.26855659
3060,-481.87964304
3070,-498.98256939
3080,-471.92619586
3090,-517.49839347
3100,-518.20107233
3110,-512.11974041
3120,-505.59888826
3130,-527.93364204
3140,-534.93449242
3150,-532.80447923
3160,-500.71864960
3170,-500.32066915
3180,-497.49254665
3190,-509.43345069
3200,-513.20372676
3210,-510.33161661
3220,-513.89964018
3230,-546.76955994
3240,-522.78916112
3250,-530.64786632
3260,-545.96115781
3270,-532.31832213
3280,-533.90148161
3290,-537.68121659
3300,-514.94469029
3310,-522.91524438
3320,-524.36080712
3330,-530.31221962
3340,-521.16818278
3350,-537.11703038
3360,-519.25536522
3370,-540.92193289
3380,-507.55609451
3390,-536.35729199
3400,-533.67125924
3410,-501.59697109
3420,-527.22251804
3430,-532.88961079
3440,-496.21243342
3450,-525.71019410
3460,-509.30513748
3470,-524.53894719
3480,-522.23788374
3490,-527.98802674
3500,-523.84436571
3510,-519.70948533
3520,-520.40444839
3530,-527.40753707
3540,-556.14897660
3550,-532.03393228
3560,-511.85585633
3570,-530.22565562
3580,-540.17134367
3590,-560.42617218
3600,-563.37462608
3610,-554.07227422
3620,-591.27080121
3630,-574.80279797
3640,-566.00797121
3650,-555.49436723
3660,-562.17833579
3670,-580.30222013
3680,-590.79171146
3690,-560.48050733
3700,-586.18867740
3710,-552.03421762
3720,-567.70663516
3730,-538.37412689
3740,-589.19219952
3750,-576.84935288
3760,-606.60837853
3770,-579.08301572
3780,-585.40438355
3790,-577.49493193
3800,-573.02837622
3810,-591.82941354
3820,-588.35589424
3830,-563.23943642
3840,-580.44869524
3850,-569.25323956
3860,-575.12756293
3870,-568.94719195
3880,-584.80878671
3890,-585.21473247
3900,-598.22441990
3910,-587.15155536
3920,-598.20248803
3930,-571.38200592
3940,-566.73523065
3950,-574.39284556
3960,-585.80806463
3970,-614.40282104
3980,-594.19626343
3990,-580.26151324
4000,-586.85411220
4010,-605.80222955
4020,-598.26657584
4030,-575.37841375
4040,-566.76227296
4050,-596.88449143
4060,-612.34747096
4070,-595.74385753
4080,-555.04223491
4090,-595.27562911
4100,-594.65610663
4110,-612.89378802
4120,-582.51522406
4130,-597.96929787
4140,-603.29571342
4150,-596.29338168
4160,-617.10986851
4170,-606.50617337
4180,-612.60437064
4190,-607.53833404
4200,-587.29729322
4210,-600.50710269
4220,-611.71034582
4230,-595.39369947
4240,-589.28509649
4250,-613.80698081
4260,-610.68156384
4270,-599.45573605
4280,-568.57223468
4290,-599.80833803
4300,-627.39251298
4310,-596.72023617
4320,-627.34837797
4330,-587.89882633
4340,-604.42339134
4350,-575.07716502
4360,-603.65647869
4370,-594.67926704
4380,-613.95941823
4390,-607.57413148
4400,-568.95306337
4410,-597.49610591
4420,-608.45723389
4430,-599.24154441
4440,-619.70552028
4450,-607.71968086
4460,-587.94975990
4470,-566.92221101
4480,-592.93239084
4490,-580.93868465
4500,-614.09475385
4510,-592.65351406
4520,-586.79098498
4530,-598.02471950
4540,-586.51540144
4550,-593.54854961
4560,-600.38613918
4570,-581.08564326
4580,-582.58326505
4590,-624.59960363
4600,-595.93299524
4610,-597.84454816
4620,-613.54732704
4630,-620.37241686
4640,-612.90315262
4650,-599.77292559
4660,-600.56326182
4670,-610.26413514
4680,-590.70929377
4690,-620.76285034
4700,-605.66987262
4710,-591.87873512
4720,-611.68976374
4730,-641.14643077
4740,-630.74736214
4750,-629.83288581
4760,-625.38557947
4770,-639.47063981
4780,-609.70565154
4790,-595.36227342
4800,-624.37682371
4810,-650.37648971
4820,-600.64113195
4830,-632.06747526
4840,-626.23513221
4850,-610.39911963
4860,-642.18596790
4870,-634.84722520
4880,-636.60582762
4890,-649.95784767
4900,-646.19481127
4910,-634.02323356
4920,-630.11459104
4930,-623.05425693
4940,-636.68718759
4950,-650.02475009
4960,-669.16342417
4970,-666.77333783
4980,-650.55256065
4990,-627.33981445
5000,-640.11396868
5010,-637.82879813
5020,-650.83841942
5030,-625.35921361
5040,-622.90392899
5050,-636.60731709
5060,-655.08676292
5070,-624.23557090
5080,-626.78007712
5090,-630.41009784
5100,-638.55914566
5110,-617.09253274
5120,-615.31821768
5130,-631.24183258
5140,-644.36376487
5150,-655.25683914
5160,-651.49786570
5170,-651.12085662
5180,-629.63496619
5190,-644.09905935
5200,-638.97097667
5210,-643.21834175
5220,-639.23144822
5230,-643.88948414
5240,-642.62191463
5250,-634.46679107
5260,-620.96941029
5270,-636.39752745
5280,-657.43295553
5290,-634.67929027
5300,-675.31061857
5310,-669.08728809
5320,-671.03018342
5330,-679.46962267
5340,-640.75942848
5350,-655.87467166
5360,-653.80182798
5370,-665.76529746
5380,-650.28293985
5390,-639.81204881
5400,-654.65459944
5410,-653.27166916
5420,-617.97551170
5430,-644.46087191
5440,-656.15088409
5450,-659.69984015
5460,-663.09880429
5470,-657.49946154
5480,-654.65050130
5490,-637.03795504
5500,-653.55213630
5510,-640.16819607
5520,-630.55966766
5530,-635.57734323
5540,-641.35463394
5550,-677.91402988
5560,-670.14760471
5570,-670.13156897
5580,-663.76687147
5590,-654.01086606
5600,-652.76841667
5610,-650.75777911
5620,-646.24277047
5630,-650.74417141
5640,-658.32187875
5650,-683.99514061
5660,-680.42754269
5670,-685.16454616
5680,-678.38948220
5690,-665.17246867
5700,-672.26264669
5710,-696.84152193
5720,-664.74144636
5730,-660.04541770
5740,-686.70023264
5750,-658.76208687
5760,-638.75258136
5770,-707.65400552
5780,-687.06647785
5790,-666.70880659
5800,-660.43411790
5810,-670.65937523
5820,-701.37118940
5830,-695.70593359
5840,-663.39121683
5850,-668.66115732
5860,-652.87901428
5870,-657.64325078
5880,-669.75998156
5890,-680.87587280
5900,-700.32330264
5910,-677.41383031
5920,-676.68335376
5930,-696.42865218
5940,-689.85634492
5950,-692.30832368
5960,-670.01025770
5970,-696.82051440
5980,-667.99523432
5990,-690.58240571
6000,-684.69413814
6010,-660.83604879
6020,-654.86270731
6030,-637.98816819
6040,-695.96312327
6050,-716.66771231
6060,-689.32457173
6070,-679.67009413
6080,-679.34962362
6090,-691.42730597
6100,-697.15362481
6110,-716.04730300
6120,-677.69784315
6130,-678.43304570
6140,-704.22608448
6150,-680.97030373
6160,-706.02706282
6170,-649.92104615
6180,-687.68289331
6190,-703.89069018
6200,-687.63510978
6210,-679.75339499
6220,-673.87664253
6230,-676.50965499
6240,-690.68994947
6250,-677.09096178
6260,-683.54110708
6270,-670.24881979
6280,-678.28538475
6290,-678.05106672
6300,-669.67894448
6310,-686.19280501
6320,-694.30046686
6330,-669.83757132
6340,-701.54358246
6350,-636.63865844
6360,-651.54058133
6370,-655.93544998
6380,-674.67025298
6390,-671.76242198
6400,-637.34176661
6410,-652.62579512
6420,-683.27318075
6430,-678.44280721
6440,-659.26495431
6450,-662.78985523
6460,-671.18518572
6470,-642.32431082
6480,-668.35980662
6490,-690.93668473
6500,-650.33194495
6510,-679.13142813
6520,-706.03472122
6530,-707.70784148
6540,-714.41177839
6550,-710.99183452
6560,-716.72705616
6570,-717.20320358
6580,-722.12312728
6590,-719.02855209
6600,-710.03147668
6610,-696.19717799
6620,-669.65065349
6630,-685.78796364
6640,-687.53473247
6650,-700.88315835
6660,-691.56257680
6670,-678.02711971
6680,-691.15919943
6690,-680.83062844
6700,-696.25385847
6710,-682.56722530
6720,-671.21097172
6730,-712.69461338
6740,-707.00973420
6750,-691.88929341
6760,-697.03695399
6770,-698.06657575
6780,-703.79696997
6790,-710.15989689
6800,-700.57886639
6810,-665.33675258
6820,-686.36501767
6830,-662.43699307
6840,-687.94723909
6850,-667.97247513
6860,-678.78213996
6870,-672.83058983
6880,-702.03573101
6890,-698.89825957
6900,-686.77190930
6910,-692.75510198
6920,-719.03752045
6930,-703.71121398
6940,-708.11314363
6950,-694.34600248
6960,-680.12558611
6970,-676.19258497
6980,-675.70725842
6990,-652.20137751
7000,-679.56304466
7010,-685.34864912
7020,-701.44548817
7030,-683.34075567
7040,-695.45995407
7050,-680.05258290
7060,-691.77793362
7070,-688.96719922
7080,-699.69126986
7090,-705.12304465
7100,-706.54979792
7110,-699.37915897
7120,-713.52372730
7130,-711.18025230
7140,-701.96452628
7150,-695.90819578
7160,-688.24568318
7170,-687.00063767
7180,-699.34740846
7190,-729.80483048
7200,-696.67005188
7210,-716.92868583
7220,-679.58565137
7230,-678.47207037
7240,-695.45754685
7250,-727.52701200
7260,-688.01318181
7270,-724.06848971
7280,-692.84600344
7290,-721.08033223
7300,-671.39552850
7310,-680.39351552
7320,-659.96595722
7330,-691.08142174
7340,-700.62812085
7350,-699.55908591
7360,-708.30538341
7370,-687.38762141
7380,-704.69037074
7390,-671.58681369
7400,-694.73360100
7410,-683.06412644
7420,-714.71864656
7430,-720.82520295
7440,-712.19649938
7450,-705.65486992
7460,-712.92182773
7470,-710.95790941
7480,-722.75007877
7490,-715.12082289
7500,-715.91056556
7510,-715.91103747
7520,-696.62897811
7530,-683.27510608
7540,-692.76763737
7550,-689.92290378
7560,-696.77609328
7570,-683.63228537
7580,-694.58329125
7590,-722.35897074
7600,-705.49804193
7610,-697.57043223
7620,-691.48882520
7630,-679.46344736
7640,-713.57466972
7650,-709.06445670
7660,-709.38113811
7670,-694.85330001
7680,-718.10772643
7690,-687.86702003
7700,-697.31456873
7710,-707.05126232
7720,-690.03562858
7730,-701.60381296
7740,-699.68920834
7750,-651.05895829
7760,-708.21632964
7770,-680.71692104
7780,-692.33990529
7790,-711.98668316
7800,-682.50266118
7810,-686.20410312
7820,-688.71419937
7830,-700.48990970
7840,-691.68062486
7850,-709.78440595
7860,-690.10683279
7870,-679.01333617
7880,-694.95511229
7890,-688.15273408
7900,-684.28587887
7910,-702.18257598
7920,-713.61170706
7930,-702.87313510
7940,-695.38364628
7950,-700.63851046
7960,-689.37111275
7970,-698.09243425
7980,-684.68492179
7990,-709.90748245
8000,-720.52083201
8010,-703.50291527
8020,-726.65491889
8030,-716.97779391
8040,-714.75929288
8050,-695.84553151
8060,-715.12930566
8070,-717.19986015
8080,-678.63791905
8090,-694.57252867
8100,-706.30603086
8110,-718.34523849
8120,-723.48892218
8130,-676.60941201
8140,-711.33288844
8150,-710.20055820
8160,-700.71435220
8170,-674.04196893
8180,-734.24187090
8190,-714.70137923
8200,-697.05036437
8210,-703.78251173
8220,-703.44987055
8230,-711.92353414
8240,-716.64643929
8250,-677.76796977
8260,-689.44971601
8270,-662.27535098
8280,-688.58988617
8290,-709.89251886
8300,-723.49843567
8310,-706.06864339
8320,-695.78564976
8330,-692.57911097
8340,-652.13111428
8350,-685.47650490
8360,-677.00317943
8370,-702.96315297
8380,-703.84892797
8390,-654.97406836
8400,-711.37449623
8410,-698.08315005
8420,-705.74619330
8430,-688.74015013
8440,-714.86214063
8450,-688.35173092
8460,-704.22396973
8470,-687.31828475
8480,-688.65920758
8490,-707.03962715
8500,-691.38610161
8510,-694.03578193
8520,-688.44728195
8530,-699.88220840
8540,-734.57351496
8550,-707.85073699
8560,-715.22778151
8570,-683.64290929
8580,-692.38478389
8590,-690.68872372
8600,-685.95843814
8610,-709.84610510
8620,-708.69717527
8630,-708.65446582
8640,-719.14482236
8650,-724.55390880
8660,-705.33458121
8670,-701.02391695
8680,-703.90494403
8690,-719.11525898
8700,-709.43646903
8710,-725.90725996
8720,-740.03597623
8730,-733.89407344
8740,-686.96462489
8750,-714.61937930
8760,-701.30231351
8770,-709.19823956
8780,-685.18388639
8790,-702.76801554
8800,-700.94884192
8810,-675.15449407
8820,-719.28166859
8830,-696.05318895
8840,-699.49927610
8850,-685.50758175
8860,-709.72079102
8870,-718.70076208
8880,-705.99598708
8890,-695.87741856
8900,-674.90292237
8910,-707.08199070
8920,-704.69989239
8930,-719.46438081
8940,-689.53155976
8950,-714.90876174
8960,-686.13819187
8970,-715.31564449
8980,-697.24262182
8990,-694.77019343
9000,-710.96042901
9010,-699.58790141
9020,-693.79135327
9030,-695.76800929
9040,-665.56116826
9050,-715.45925314
9060,-714.52830973
9070,-695.94061940
9080,-657.45179275
9090,-683.92390048
9100,-694.14865510
9110,-702.53642512
9120,-693.87357339
9130,-692.77486567
9140,-719.69615624
9150,-704.50402892
9160,-696.50097807
9170,-709.41272665
9180,-702.51617623
9190,-741.88227547
9200,-726.41076117
9210,-711.93452040
9220,-704.78508942
9230,-683.80760323
9240,-673.03014114
9250,-713.91945732
9260,-704.76003753
9270,-709.63270906
9280,-687.14156640
9290,-702.24405956
9300,-677.99103703
9310,-669.63564797
9320,-704.59418287
9330,-708.67148078
9340,-713.97790245
9350,-702.40138731
9360,-713.74558797
9370,-724.43639533
9380,-698.12279921
9390,-707.83505140
9400,-703.63762054
9410,-687.97063113
9420,-706.20736716
9430,-709.80993030
9440,-689.36435760
9450,-684.84426441
9460,-707.83719793
9470,-709.07655404
9480,-701.75422420
9490,-700.67250821
9500,-707.06996936
9510,-743.85940757
9520,-757.48294456
9530,-719.23499967
9540,-713.79111877
9550,-701.24992055
9560,-695.05586999
9570,-700.87438274
9580,-706.39605930
9590,-672.75923781
9600,-680.98691336
9610,-697.99895297
9620,-712.25570769
9630,-699.43593438
9640,-702.73378112
9650,-703.79086433
9660,-672.44735824
9670,-696.40963263
9680,-694.71557320
9690,-721.61491885
9700,-722.44132504
9710,-692.74516785
9720,-698.67692203
9730,-696.65841613
9740,-674.23362317
9750,-697.53189924
9760,-729.66434840
9770,-700.31395295
9780,-725.64231838
9790,-710.11539226
9800,-702.70968183
9810,-726.80061288
9820,-678.88690013
9830,-689.70823736
9840,-684.66032249
9850,-684.29857565
9860,-710.04897444
9870,-707.09188548
9880,-718.43865097
9890,-720.10096335
9900,-715.49409844
9910,-714.36623206
9920,-707.31160706
9930,-697.00599303
9940,-700.10697545
9950,-707.58551976
9960,-686.00726031
9970,-702.60388686
9980,-711.30338385
9990,-710.02406904
